location 0 0 0 angles 0 0 0 0 data -0.0145269 -0.0117947 -0.0590709
location 0 0 0 angles 0 0 0 3.14159 data -0.0241303 -0.200302 -0.0289536
location 0 0 0 angles 0 0 3.14159 0 data 0.210446 0.0200732 -0.0172548
location 0 0 0 angles 0 0 3.14159 3.14159 data 0.199542 -0.169821 0.0126633
location 0 0 0 angles 0 3.14159 0 0 data -0.0417725 0.179198 -0.0337228
location 0 0 0 angles 0 3.14159 0 3.14159 data -0.0512846 -0.011717 -0.00354685
location 0 0 0 angles 0 3.14159 3.14159 0 data 0.181765 0.210437 0.00831255
location 0 0 0 angles 0 3.14159 3.14159 3.14159 data 0.172055 0.0198085 0.0381038
location 0 0 0 angles 3.14159 0 0 0 data -0.1847 -0.0177977 -0.0379999
location 0 0 0 angles 3.14159 0 0 3.14159 data -0.192672 -0.20743 -0.00774967
location 0 0 0 angles 3.14159 0 3.14159 0 data 0.0399984 0.0142464 0.00369309
location 0 0 0 angles 3.14159 0 3.14159 3.14159 data 0.0295619 -0.176342 0.0337401
location 0 0 0 angles 3.14159 3.14159 0 0 data -0.211109 0.172726 -0.0127417
location 0 0 0 angles 3.14159 3.14159 0 3.14159 data -0.219162 -0.0200106 0.0175808
location 0 0 0 angles 3.14159 3.14159 3.14159 0 data 0.0127834 0.203137 0.0291632
location 0 0 0 angles 3.14159 3.14159 3.14159 3.14159 data -0.0236541 0.0114981 0.0595051
location 0 1 0 angles 0 0 0 0 data -0.0148608 -0.0129683 -0.0591163
location 0 1 0 angles 0 0 0 3.14159 data -0.0245219 -0.20092 -0.0290117
location 0 1 0 angles 0 0 3.14159 0 data 0.210173 0.0201061 -0.0172553
location 0 1 0 angles 0 0 3.14159 3.14159 data 0.199259 -0.170175 0.0125756
location 0 1 0 angles 0 3.14159 0 0 data -0.0416809 0.178786 -0.0337018
location 0 1 0 angles 0 3.14159 0 3.14159 data -0.0512886 -0.0118403 -0.00344171
location 0 1 0 angles 0 3.14159 3.14159 0 data 0.181683 0.210393 0.0083606
location 0 1 0 angles 0 3.14159 3.14159 3.14159 data 0.171891 0.0200444 0.0380888
location 0 1 0 angles 3.14159 0 0 0 data -0.184533 -0.0176779 -0.0380653
location 0 1 0 angles 3.14159 0 0 3.14159 data -0.192918 -0.207645 -0.00781006
location 0 1 0 angles 3.14159 0 3.14159 0 data 0.0402783 0.014499 0.00358284
location 0 1 0 angles 3.14159 0 3.14159 3.14159 data 0.0293898 -0.175921 0.0337631
location 0 1 0 angles 3.14159 3.14159 0 0 data -0.210944 0.172802 -0.0127492
location 0 1 0 angles 3.14159 3.14159 0 3.14159 data -0.219311 -0.0198636 0.0174698
location 0 1 0 angles 3.14159 3.14159 3.14159 0 data 0.0128491 0.203476 0.0289737
location 0 1 0 angles 3.14159 3.14159 3.14159 3.14159 data -0.0232771 0.0119689 0.0592515
location -1 1 0 angles 0 0 0 0 data -0.0148757 -0.0167594 -0.0593804
location -1 1 0 angles 0 0 0 3.14159 data -0.0237564 -0.196787 -0.031541
location -1 1 0 angles 0 0 3.14159 0 data 0.210602 0.0107721 -0.0173499
location -1 1 0 angles 0 0 3.14159 3.14159 data 0.200509 -0.170819 0.0102473
location -1 1 0 angles 0 3.14159 0 0 data -0.0433899 0.183235 -0.0315113
location -1 1 0 angles 0 3.14159 0 3.14159 data -0.0520832 0.000577468 -0.00355064
location -1 1 0 angles 0 3.14159 3.14159 0 data 0.180477 0.20951 0.0106039
location -1 1 0 angles 0 3.14159 3.14159 3.14159 data 0.171748 0.0272995 0.0382652
location -1 1 0 angles 3.14159 0 0 0 data -0.183989 -0.0249651 -0.0381953
location -1 1 0 angles 3.14159 0 0 3.14159 data -0.191819 -0.206633 -0.0100883
location -1 1 0 angles 3.14159 0 3.14159 0 data 0.0410169 0.00189734 0.00356523
location -1 1 0 angles 3.14159 0 3.14159 3.14159 data 0.0313146 -0.180302 0.0316226
location -1 1 0 angles 3.14159 3.14159 0 0 data -0.212224 0.17391 -0.0105679
location -1 1 0 angles 3.14159 3.14159 0 3.14159 data -0.219764 -0.010514 0.0174835
location -1 1 0 angles 3.14159 3.14159 3.14159 0 data 0.0117951 0.199227 0.0312575
location -1 1 0 angles 3.14159 3.14159 3.14159 3.14159 data -0.0230005 0.0158395 0.059552
location -1 0 0 angles 0 0 0 0 data -0.0187355 -0.0170254 -0.0601223
location -1 0 0 angles 0 0 0 3.14159 data -0.031207 -0.196295 -0.0324067
location -1 0 0 angles 0 0 3.14159 0 data 0.216665 0.011958 -0.0144945
location -1 0 0 angles 0 0 3.14159 3.14159 data 0.202633 -0.16891 0.0129177
location -1 0 0 angles 0 3.14159 0 0 data -0.051515 0.180738 -0.0325917
location -1 0 0 angles 0 3.14159 0 3.14159 data -0.0642949 -0.000857093 -0.00481456
location -1 0 0 angles 0 3.14159 3.14159 0 data 0.181998 0.208537 0.0131764
location -1 0 0 angles 0 3.14159 3.14159 3.14159 data 0.169196 0.027093 0.0406163
location -1 0 0 angles 3.14159 0 0 0 data -0.181918 -0.0246779 -0.0405397
location -1 0 0 angles 3.14159 0 0 3.14159 data -0.192892 -0.205541 -0.0126675
location -1 0 0 angles 3.14159 0 3.14159 0 data 0.0532975 0.00361953 0.00487029
location -1 0 0 angles 3.14159 0 3.14159 3.14159 data 0.040292 -0.177975 0.0326407
location -1 0 0 angles 3.14159 3.14159 0 0 data -0.214147 0.172103 -0.0131884
location -1 0 0 angles 3.14159 3.14159 0 3.14159 data -0.225555 -0.0117606 0.0147361
location -1 0 0 angles 3.14159 3.14159 3.14159 0 data 0.0197736 0.198622 0.0324426
location -1 0 0 angles 3.14159 3.14159 3.14159 3.14159 data -0.0187314 0.0160488 0.0602592
location -1 -1 0 angles 0 0 0 0 data -0.0185625 -0.0131965 -0.0599097
location -1 -1 0 angles 0 0 0 3.14159 data -0.0321932 -0.201019 -0.0299107
location -1 -1 0 angles 0 0 3.14159 0 data 0.216024 0.0215382 -0.0146597
location -1 -1 0 angles 0 0 3.14159 3.14159 data 0.200832 -0.167812 0.0151488
location -1 -1 0 angles 0 3.14159 0 0 data -0.0496193 0.176111 -0.034736
location -1 -1 0 angles 0 3.14159 0 3.14159 data -0.0630711 -0.0140829 -0.00466432
location -1 -1 0 angles 0 3.14159 3.14159 0 data 0.183363 0.209853 0.0107043
location -1 -1 0 angles 0 3.14159 3.14159 3.14159 data 0.16957 0.0198038 0.0403578
location -1 -1 0 angles 3.14159 0 0 0 data -0.182347 -0.0175308 -0.0403182
location -1 -1 0 angles 3.14159 0 0 3.14159 data -0.194389 -0.207026 -0.010224
location -1 -1 0 angles 3.14159 0 3.14159 0 data 0.0520828 0.0167949 0.00480332
location -1 -1 0 angles 3.14159 0 3.14159 3.14159 data 0.0367903 -0.173431 0.0347236
location -1 -1 0 angles 3.14159 3.14159 0 0 data -0.212398 0.170991 -0.0153993
location -1 -1 0 angles 3.14159 3.14159 0 3.14159 data -0.22469 -0.0214919 0.0148056
location -1 -1 0 angles 3.14159 3.14159 3.14159 0 data 0.0205415 0.203454 0.0299376
location -1 -1 0 angles 3.14159 3.14159 3.14159 3.14159 data -0.0171276 0.01265 0.0600166
location 0 -1 0 angles 0 0 0 0 data -0.018288 -0.00971293 -0.0597286
location 0 -1 0 angles 0 0 0 3.14159 data -0.0331222 -0.205798 -0.0276224
location 0 -1 0 angles 0 0 3.14159 0 data 0.215233 0.0308222 -0.014714
location 0 -1 0 angles 0 0 3.14159 3.14159 data 0.198992 -0.166644 0.0171988
location 0 -1 0 angles 0 3.14159 0 0 data -0.0479301 0.172105 -0.0366507
location 0 -1 0 angles 0 3.14159 0 3.14159 data -0.0623599 -0.0264919 -0.00453992
location 0 -1 0 angles 0 3.14159 3.14159 0 data 0.184119 0.211823 0.00859261
location 0 -1 0 angles 0 3.14159 3.14159 3.14159 data 0.169434 0.0138036 0.0404493
location 0 -1 0 angles 3.14159 0 0 0 data -0.181999 -0.0111273 -0.0403113
location 0 -1 0 angles 3.14159 0 0 3.14159 data -0.195341 -0.208925 -0.0079779
location 0 -1 0 angles 3.14159 0 3.14159 0 data 0.0517469 0.0289416 0.0045685
location 0 -1 0 angles 3.14159 0 3.14159 3.14159 data 0.0355635 -0.169184 0.0367778
location 0 -1 0 angles 3.14159 3.14159 0 0 data -0.210629 0.169774 -0.0174467
location 0 -1 0 angles 3.14159 3.14159 0 3.14159 data -0.224883 -0.0307803 0.0150299
location 0 -1 0 angles 3.14159 3.14159 3.14159 0 data 0.0213936 0.208361 0.0276994
location 0 -1 0 angles 3.14159 3.14159 3.14159 3.14159 data -0.0209408 0.00887021 0.0601624
location 1 -1 0 angles 0 0 0 0 data -0.0141203 -0.00924511 -0.0588994
location 1 -1 0 angles 0 0 0 3.14159 data -0.024816 -0.206329 -0.0266504
location 1 -1 0 angles 0 0 3.14159 0 data 0.208902 0.0298324 -0.0176282
location 1 -1 0 angles 0 0 3.14159 3.14159 data 0.19774 -0.169047 0.014528
location 1 -1 0 angles 0 3.14159 0 0 data -0.039522 0.174595 -0.0356792
location 1 -1 0 angles 0 3.14159 0 3.14159 data -0.0497887 -0.0253251 -0.0032816
location 1 -1 0 angles 0 3.14159 3.14159 0 data 0.181871 0.212245 0.00589528
location 1 -1 0 angles 0 3.14159 3.14159 3.14159 data 0.171668 0.013024 0.0379815
location 1 -1 0 angles 3.14159 0 0 0 data -0.1847 -0.0103442 -0.0378863
location 1 -1 0 angles 3.14159 0 0 3.14159 data -0.19338 -0.209457 -0.00526823
location 1 -1 0 angles 3.14159 0 3.14159 0 data 0.0384546 0.0276898 0.00329866
location 1 -1 0 angles 3.14159 0 3.14159 3.14159 data 0.0267815 -0.171672 0.0357525
location 1 -1 0 angles 3.14159 3.14159 0 0 data -0.209176 0.172231 -0.0149161
location 1 -1 0 angles 3.14159 3.14159 0 3.14159 data -0.218403 -0.0297339 0.0178263
location 1 -1 0 angles 3.14159 3.14159 3.14159 0 data 0.0128532 0.208945 0.026589
location 1 -1 0 angles 3.14159 3.14159 3.14159 3.14159 data -0.0273091 0.00781659 0.0591605
location 1 0 0 angles 0 0 0 0 data -0.0104923 -0.008424 -0.0584586
location 1 0 0 angles 0 0 0 3.14159 data -0.0167612 -0.206336 -0.0257995
location 1 0 0 angles 0 0 3.14159 0 data 0.203855 0.02908 -0.0201911
location 1 0 0 angles 0 0 3.14159 3.14159 data 0.196739 -0.170822 0.0123584
location 1 0 0 angles 0 3.14159 0 0 data -0.0316575 0.176344 -0.0350299
location 1 0 0 angles 0 3.14159 0 3.14159 data -0.037641 -0.0247576 -0.00216084
location 1 0 0 angles 0 3.14159 3.14159 0 data 0.180802 0.212648 0.00335543
location 1 0 0 angles 0 3.14159 3.14159 3.14159 data 0.175036 0.0121915 0.0358234
location 1 0 0 angles 3.14159 0 0 0 data -0.187765 -0.00928395 -0.035677
location 1 0 0 angles 3.14159 0 0 3.14159 data -0.192032 -0.209711 -0.0028378
location 1 0 0 angles 3.14159 0 3.14159 0 data 0.0266984 0.0269832 0.00234097
location 1 0 0 angles 3.14159 0 3.14159 3.14159 data 0.0194677 -0.173259 0.0351865
location 1 0 0 angles 3.14159 3.14159 0 0 data -0.208034 0.17414 -0.012535
location 1 0 0 angles 3.14159 3.14159 0 3.14159 data -0.212847 -0.0289202 0.0203739
location 1 0 0 angles 3.14159 3.14159 3.14159 0 data 0.00483903 0.209304 0.0257396
location 1 0 0 angles 3.14159 3.14159 3.14159 3.14159 data -0.0308465 0.00718372 0.0588697
location 1 1 0 angles 0 0 0 0 data -0.0107689 -0.0123945 -0.0585775
location 1 1 0 angles 0 0 0 3.14159 data -0.0167253 -0.20164 -0.0282801
location 1 1 0 angles 0 0 3.14159 0 data 0.204759 0.0202756 -0.0200107
location 1 1 0 angles 0 0 3.14159 3.14159 data 0.197836 -0.171132 0.010181
location 1 1 0 angles 0 3.14159 0 0 data -0.0334829 0.180315 -0.0330441
location 1 1 0 angles 0 3.14159 0 3.14159 data -0.0389924 -0.0119344 -0.00254901
location 1 1 0 angles 0 3.14159 3.14159 0 data 0.180085 0.211431 0.0056139
location 1 1 0 angles 0 3.14159 3.14159 3.14159 data 0.174366 0.0190612 0.0359859
location 1 1 0 angles 3.14159 0 0 0 data -0.187401 -0.0167 -0.0358276
location 1 1 0 angles 3.14159 0 0 3.14159 data -0.191569 -0.208546 -0.00529456
location 1 1 0 angles 3.14159 0 3.14159 0 data 0.0276021 0.0147521 0.00262976
location 1 1 0 angles 3.14159 0 3.14159 3.14159 data 0.0212893 -0.177014 0.0330419
location 1 1 0 angles 3.14159 3.14159 0 0 data -0.20936 0.174331 -0.0103776
location 1 1 0 angles 3.14159 3.14159 0 3.14159 data -0.213573 -0.019987 0.0201766
location 1 1 0 angles 3.14159 3.14159 3.14159 0 data 0.00463531 0.204643 0.0281076
location 1 1 0 angles 3.14159 3.14159 3.14159 3.14159 data -0.0297632 0.0111382 0.0588985
