location 0 0 0 angles 0 0 0 0 data -0.0063258 0.00167174 -0.148944
location 0 0 0 angles 2.56563 3.4383 0.977384 0.715585 data 0.0422663 0.115168 0.00831946
location 0 0 0 angles 4.60767 2.16421 4.4855 1.3439 data -0.0411795 0.057032 0.0193385
location 0 0 0 angles 4.39823 0.942478 3.03687 5.67232 data -0.0172565 0.0701715 -0.0125798
location 0 0 0 angles 0.383972 4.67748 0.610865 2.47837 data -0.05372 -0.0655208 -0.0327205
location 0 0 0 angles 0.750492 0.733038 1.11701 4.34587 data 0.0482491 -0.0492746 -0.0514304
location 0 0 0 angles 3.42085 5.8294 3.97935 2.63545 data -0.00781335 -0.117879 0.0668067
location 0 0 0 angles 2.46091 1.16937 5.86431 1.44862 data 0.0989688 -0.026823 -0.0185273
location 0 0 0 angles 3.61283 1.72788 0.279253 5.35816 data 0.110467 0.107101 -0.0269545
location 0 0 0 angles 4.60767 2.84489 0.0523599 4.85202 data 0.0848322 0.104022 -0.0151468
location 0 0 0 angles 0.890118 4.03171 5.41052 5.48033 data -0.0197279 0.0221482 -0.0585087
location 0 0 0 angles 1.0472 2.56563 5.16617 2.40855 data -0.0119276 -0.0652934 0.0275323
location 0 0 0 angles 3.31613 2.21657 4.67748 2.14675 data 0.0463724 -0.0116979 0.08211
location 0 0 0 angles 0.663225 0.767945 4.83456 3.80482 data 0.0146629 -0.141139 -0.0200004
location 0 0 0 angles 4.57276 3.94444 3.21141 0.523599 data -0.120678 0.115796 0.0178403
location 0 0 0 angles 5.55015 5.5676 3.12414 1.55334 data -0.166706 -0.0415005 -0.0198717
location 0 0 0 angles 6.19592 2.23402 5.68977 2.28638 data -0.0136627 -0.0327707 -0.0129646
location 0 0 0 angles 4.76475 2.49582 1.90241 1.02974 data -0.0585606 0.145589 0.00786184
location 0 0 0 angles 4.41568 2.67035 0.261799 3.31613 data 0.0816672 0.0345217 0.0390006
location 0 0 0 angles 1.41372 5.86431 4.29351 3.42085 data -0.0161339 -0.183378 0.0196113
location 0 0 0 angles 0.349066 3.1765 5.25344 0.715585 data -0.0615837 0.0536641 -0.052989
location 0 0 0 angles 2.07694 1.39626 5.06145 3.07178 data 0.0911822 -0.120306 0.0458961
location 0 0 0 angles 4.79966 6.16101 3.80482 2.80998 data -0.0703056 -0.107996 0.0307352
location 0 0 0 angles 3.92699 5.77704 3.03687 0.244346 data -0.0494961 0.0487332 -0.0106012
location 0 0 0 angles 1.81514 1.62316 5.34071 1.6057 data 0.0485308 -0.0433902 -0.00500972
location -5376 0 0 angles 0 0 0 0 data -0.0227997 -0.00167113 -0.150667
location -5376 0 0 angles 0.977384 5.35816 1.20428 2.44346 data -0.0435123 -0.0898419 -0.0263664
location -5376 0 0 angles 3.42085 3.59538 4.39823 1.78024 data -0.0269548 -0.000776628 0.0774562
location -5376 0 0 angles 1.0821 3.03687 4.46804 0.139626 data -0.0550884 0.0479514 -0.00689762
location -5376 0 0 angles 2.00713 5.35816 3.42085 3.80482 data -0.0300428 -0.116457 0.0634535
location -5376 0 0 angles 0.383972 6.10865 4.29351 4.90438 data -0.0556223 -0.0830337 -0.0503154
location -5376 0 0 angles 4.31096 2.19911 3.14159 1.41372 data -0.0751502 0.0698593 0.0702465
location -5376 0 0 angles 5.20108 5.51524 0.680678 0.959931 data -0.0391492 0.0295009 -0.0990181
location -5376 0 0 angles 0.0872665 4.03171 3.10669 2.00713 data -0.179091 -0.0136696 0.0641627
location -5376 0 0 angles 3.24631 2.07694 4.2237 1.5708 data 0.00619658 -0.00409679 0.0688322
location -5376 0 0 angles 5.79449 1.3439 1.91986 2.63545 data -0.048816 -0.02817 0.0153106
location -5376 0 0 angles 4.31096 0.593412 2.14675 1.50098 data -0.0466625 0.0147649 0.00693179
location -5376 0 0 angles 4.50295 1.98968 0.139626 4.01426 data 0.131399 0.0331111 -0.0084969
location -5376 0 0 angles 5.14872 0.680678 3.22886 4.60767 data -0.0513878 -0.0183562 0.00440181
location -5376 0 0 angles 3.89208 3.61283 3.82227 5.8294 data -0.0484053 0.106792 0.0420662
location -5376 0 0 angles 1.29154 3.45575 5.58505 2.6529 data 0.0266306 -0.0653585 0.0238235
location -5376 0 0 angles 0.610865 0.453786 3.1765 4.08407 data -0.0632872 -0.0934501 0.0162199
location -5376 0 0 angles 1.8326 3.22886 2.93215 2.14675 data -0.0831999 -0.00300532 0.11194
location -5376 0 0 angles 4.46804 0.139626 5.77704 2.02458 data 0.0438009 -0.0806334 -0.0469854
location -5376 0 0 angles 1.58825 4.7473 2.80998 1.8326 data -0.120938 -0.0557408 0.0534005
location -5376 0 0 angles 0.488692 1.50098 4.46804 0.314159 data -0.0581378 0.00718323 -0.0454055
location -5376 0 0 angles 3.87463 2.42601 5.18363 6.23083 data 0.0671756 0.10525 -0.0161456
location -5376 0 0 angles 0.698132 3.14159 1.36136 1.0821 data -0.0607888 0.0885701 -0.0166508
location -5376 0 0 angles 2.30383 5.20108 3.21141 2.42601 data -0.0740151 -0.110055 0.0819461
location -5376 0 0 angles 0.471239 0.977384 4.97419 4.17134 data 0.0355843 -0.10177 -0.0351671
location -5376 5376 0 angles 0 0 0 0 data 0.00288136 0.000686072 -0.15095
location -5376 5376 0 angles 2.14675 2.84489 0.610865 4.01426 data 0.123377 0.0382443 0.0299448
location -5376 5376 0 angles 4.7473 1.3439 4.01426 4.41568 data 0.0150723 -0.0202796 0.0171129
location -5376 5376 0 angles 1.5708 2.86234 3.66519 5.37561 data -0.0410918 0.0504582 0.0520028
location -5376 5376 0 angles 5.27089 6.14356 5.74213 0.279253 data -0.000450157 -0.0269489 -0.131992
location -5376 5376 0 angles 3.59538 3.4383 4.15388 5.63741 data -0.00200221 0.0836038 0.0531397
location -5376 5376 0 angles 5.63741 4.71239 0.366519 2.82743 data -0.0177039 -0.0294792 -0.0395348
location -5376 5376 0 angles 1.44862 0.191986 5.44543 0.523599 data -0.0408387 -0.073712 -0.103995
location -5376 5376 0 angles 3.52557 0.15708 4.43314 0.575959 data 0.00642876 -0.0434957 -0.0287504
location -5376 5376 0 angles 4.95674 3.85718 2.00713 2.23402 data -0.101857 0.0546638 0.0597846
location -5376 5376 0 angles 5.27089 6.07375 4.7473 0.418879 data -0.0560808 -0.0298786 -0.0887267
location -5376 5376 0 angles 6.23083 2.23402 4.62512 4.99164 data -0.00546355 0.0318806 -0.00969138
location -5376 5376 0 angles 2.47837 1.55334 5.5676 5.27089 data 0.149475 0.0231518 -0.0353427
location -5376 5376 0 angles 4.34587 0.820305 4.86947 5.67232 data 0.0597367 0.00183974 -0.0593389
location -5376 5376 0 angles 2.67035 2.77507 2.07694 0.872665 data -0.0110349 0.114076 0.0684354
location -5376 5376 0 angles 1.18682 4.57276 5.44543 1.02974 data -0.0404354 -0.0285811 -0.0533844
location -5376 5376 0 angles 0.715585 4.88692 4.17134 5.68977 data -0.110309 -0.02467 -0.0387912
location -5376 5376 0 angles 4.90438 2.33874 1.90241 3.26377 data -0.00244765 0.0583381 0.0661631
location -5376 5376 0 angles 4.17134 1.43117 0.575959 1.76278 data 0.0888969 0.0310773 -0.0210807
location -5376 5376 0 angles 2.1293 1.79769 4.10152 3.42085 data 0.048252 -0.0980923 0.0738212
location -5376 5376 0 angles 4.83456 2.93215 3.82227 4.69494 data -0.0366476 0.0731322 0.063695
location -5376 5376 0 angles 5.5676 3.7001 1.8675 1.41372 data -0.124167 0.102109 0.0261238
location -5376 5376 0 angles 1.309 2.80998 4.97419 3.03687 data 0.0258315 -0.059576 0.0445322
location -5376 5376 0 angles 1.64061 3.03687 1.78024 2.96706 data -0.00974848 0.0170647 0.0813921
location -5376 5376 0 angles 5.95157 4.5204 0.593412 4.67748 data -0.00429063 0.0461981 -0.0668005
location 0 5376 0 angles 0 0 0 0 data 0.0265345 0.0131574 -0.148683
location 0 5376 0 angles 3.01942 3.52557 4.93928 2.11185 data 0.0331422 -0.0168624 0.0710985
location 0 5376 0 angles 2.04204 0.471239 0.15708 4.31096 data 0.140434 -0.0801405 -0.0412675
location 0 5376 0 angles 2.21657 3.64774 2.35619 1.88496 data -0.0706467 0.0233967 0.0888045
location 0 5376 0 angles 4.81711 1.81514 4.85202 2.89725 data 0.0312535 -0.0179022 0.0371285
location 0 5376 0 angles 2.98451 3.22886 4.92183 3.49066 data 0.0779893 -0.0250041 0.0916412
location 0 5376 0 angles 2.18166 3.42085 0.541052 0.122173 data 0.051959 0.107731 -0.00659962
location 0 5376 0 angles 5.67232 4.2586 2.1293 3.49066 data -0.114953 -0.00885447 0.0238105
location 0 5376 0 angles 0.0349066 3.22886 5.98648 5.72468 data -0.00855367 0.109067 -0.0621361
location 0 5376 0 angles 2.63545 4.34587 1.50098 2.60054 data 0.00229967 -0.0311958 0.0551448
location 0 5376 0 angles 2.46091 4.5204 3.14159 1.02974 data -0.083828 -0.0119023 0.0406484
location 0 5376 0 angles 5.91667 0.663225 6.07375 0.715585 data 0.00721285 0.018547 -0.120385
location 0 5376 0 angles 6.03884 1.13446 5.70723 4.03171 data 0.0580249 -0.0442026 -0.0552756
location 0 5376 0 angles 0.872665 3.97935 5.00909 3.71755 data 0.0340817 -0.0696876 0.00583456
location 0 5376 0 angles 3.89208 6.07375 1.95477 0.593412 data -0.00179487 0.0424807 -0.0239496
location 0 5376 0 angles 3.82227 4.50295 2.05949 2.19911 data -0.0520299 0.00434504 0.0572487
location 0 5376 0 angles 3.78736 4.20624 6.14356 4.29351 data 0.0939971 0.016548 0.00715986
location 0 5376 0 angles 5.28835 3.15905 6.14356 0.296706 data -0.0112507 0.145001 -0.0511118
location 0 5376 0 angles 3.7001 5.98648 2.80998 5.28835 data 0.00620135 0.00613734 0.00315007
location 0 5376 0 angles 3.87463 3.01942 4.06662 6.19592 data -0.0101024 0.114158 0.0547974
location 0 5376 0 angles 2.82743 3.05433 1.71042 2.3911 data 0.018209 0.0479708 0.103782
location 0 5376 0 angles 5.81195 1.46608 4.46804 2.6529 data -0.0410905 -0.0630713 0.0102212
location 0 5376 0 angles 0.959931 3.63028 4.72984 4.29351 data 0.0205731 -0.0294769 0.0133985
location 0 5376 0 angles 5.20108 5.25344 1.81514 3.05433 data -0.0697205 -0.0483622 -0.0102602
location 0 5376 0 angles 3.68264 3.87463 0.837758 0 data 0.0449779 0.136001 -0.00756932
location 5376 5376 0 angles 0 0 0 0 data -0.0226 0.00474754 -0.148427
location 5376 5376 0 angles 2.46091 5.5676 2.46091 1.46608 data -0.0309021 -0.0570668 0.0122863
location 5376 5376 0 angles 5.55015 3.01942 0.837758 5.39307 data -0.0171286 0.144667 -0.0367871
location 5376 5376 0 angles 1.50098 4.92183 1.64061 4.92183 data -0.00990151 -0.0399921 -0.0356438
location 5376 5376 0 angles 3.57792 0.366519 3.35103 2.18166 data 0.00884454 -0.0661191 0.0524757
location 5376 5376 0 angles 5.35816 1.50098 3.50811 5.55015 data -0.0478305 0.0807699 -0.0159317
location 5376 5376 0 angles 1.81514 4.59022 3.45575 4.81711 data -0.0364917 -0.070094 0.0186161
location 5376 5376 0 angles 4.29351 1.6057 4.06662 4.5204 data 0.054865 0.031371 0.0471518
location 5376 5376 0 angles 3.57792 2.79253 1.97222 2.68781 data 0.0149669 0.0636172 0.122552
location 5376 5376 0 angles 2.33874 3.33358 2.96706 3.63028 data -0.018603 -0.0278467 0.125839
location 5376 5376 0 angles 4.92183 1.15192 1.74533 0.680678 data -0.0199099 0.109845 -0.0380973
location 5376 5376 0 angles 4.4855 3.31613 3.9968 4.46804 data -0.0244513 0.055268 0.0631755
location 5376 5376 0 angles 4.08407 5.75959 2.53073 5.60251 data 0.00638614 0.0348281 -0.0133188
location 5376 5376 0 angles 3.38594 3.35103 1.91986 2.25147 data -0.0124879 0.057328 0.106839
location 5376 5376 0 angles 2.51327 1.88496 2.51327 6.14356 data 0.0341876 0.085108 0.0502798
location 5376 5376 0 angles 6.19592 1.64061 3.97935 0.610865 data -0.106273 0.0526232 -0.0386734
location 5376 5376 0 angles 5.25344 0.523599 1.43117 1.0472 data -0.0382092 0.0574802 -0.0726186
location 5376 5376 0 angles 5.89921 5.28835 2.26893 4.20624 data -0.0932675 -0.0556554 -0.044086
location 5376 5376 0 angles 0.733038 5.044 4.38078 4.45059 data -0.015622 -0.110908 -0.0484741
location 5376 5376 0 angles 5.34071 2.07694 6.10865 5.16617 data 0.0447471 0.111877 -0.0399537
location 5376 5376 0 angles 0.0174533 1.11701 0.0872665 1.15192 data -0.0137662 0.0267278 -0.0941747
location 5376 5376 0 angles 4.17134 0.488692 2.16421 0.122173 data 0.022401 0.0742556 -0.0210943
location 5376 5376 0 angles 4.11898 2.19911 2.75762 5.98648 data 0.00507828 0.150961 0.0541856
location 5376 5376 0 angles 4.13643 4.86947 5.55015 3.4383 data 0.0512442 -0.0586378 0.0134411
location 5376 5376 0 angles 4.97419 0.733038 2.07694 4.18879 data 0.0026235 -0.000236898 -0.00743044
location 5376 0 0 angles 0 0 0 0 data 0.0327889 0.000698907 -0.149003
location 5376 0 0 angles 3.03687 1.13446 5.55015 3.15905 data 0.12752 -0.0815901 0.058977
location 5376 0 0 angles 4.53786 3.42085 1.18682 2.75762 data -0.0449931 0.0463093 0.047102
location 5376 0 0 angles 2.11185 0.890118 6.02139 1.25664 data 0.0149912 -0.0328334 -0.0260814
location 5376 0 0 angles 3.90954 4.81711 1.88496 4.53786 data -0.000257138 0.0300612 0.024172
location 5376 0 0 angles 5.84685 2.9147 0.383972 2.56563 data -0.0502892 0.00729447 -0.00785515
location 5376 0 0 angles 3.92699 6.16101 0.802851 0.0349066 data 0.0895092 0.0761916 -0.0645661
location 5376 0 0 angles 5.96903 4.86947 0.994838 1.11701 data -0.104517 0.023888 -0.0978552
location 5376 0 0 angles 1.8675 0.977384 6.26573 2.26893 data 0.0500781 -0.0744884 0.00296067
location 5376 0 0 angles 2.80998 0.628319 2.74017 6.17847 data 0.0408403 0.0457431 0.00899478
location 5376 0 0 angles 4.67748 5.98648 4.24115 2.94961 data -0.0393646 -0.104141 0.0169398
location 5376 0 0 angles 3.78736 5.95157 5.044 3.29867 data 0.075199 -0.106883 0.0325931
location 5376 0 0 angles 0.733038 0.802851 5.77704 1.76278 data -0.00566167 -0.0778961 -0.0636867
location 5376 0 0 angles 2.63545 5.96903 3.45575 5.25344 data 0.0479486 -0.0267671 0.016638
location 5376 0 0 angles 4.59022 5.61996 4.24115 6.14356 data -0.0321471 0.0321069 -0.054533
location 5376 0 0 angles 4.59022 3.22886 3.75246 3.03687 data -0.0784077 0.00281883 0.0910251
location 5376 0 0 angles 0.401426 3.97935 0.383972 4.71239 data -0.0100346 0.00470722 -0.0556587
location 5376 0 0 angles 0.471239 4.24115 0.837758 2.98451 data -0.0668198 -0.0634673 -0.0175471
location 5376 0 0 angles 4.2237 4.81711 5.81195 4.41568 data 0.071689 -0.0119803 -0.00911067
location 5376 0 0 angles 2.00713 5.55015 4.81711 2.25147 data 0.00441925 -0.148478 0.0148429
location 5376 0 0 angles 0.139626 4.06662 3.21141 3.31613 data -0.151697 -0.0753773 0.0301318
location 5376 0 0 angles 2.44346 3.63028 3.14159 5.75959 data -0.0147727 0.0759204 0.0515289
location 5376 0 0 angles 1.22173 0.10472 3.22886 2.19911 data -0.0860154 -0.125317 0.00885359
location 5376 0 0 angles 0.471239 1.50098 4.53786 4.81711 data -0.0099958 -0.0279023 -0.0279673
location 5376 0 0 angles 2.30383 0.802851 5.98648 1.8326 data 0.0952802 -0.0575358 8.18382e-05
location 5376 -5376 0 angles 0 0 0 0 data -0.0189326 0.0122438 -0.151812
location 5376 -5376 0 angles 5.58505 6.26573 0.226893 5.044 data 0.0377061 -0.0138563 -0.109372
location 5376 -5376 0 angles 2.46091 5.79449 2.60054 1.55334 data -0.023296 -0.0226138 0.0299396
location 5376 -5376 0 angles 2.72271 0.261799 5.49779 4.72984 data 0.165111 -0.0463344 0.00215782
location 5376 -5376 0 angles 2.00713 4.76475 0.436332 5.14872 data 0.102992 0.00118318 -0.0342035
location 5376 -5376 0 angles 5.16617 1.85005 2.16421 3.75246 data -0.0315025 0.00908084 0.0372827
location 5376 -5376 0 angles 0.174533 3.03687 5.44543 6.21337 data -0.0456938 0.0695829 -0.0903817
location 5376 -5376 0 angles 5.41052 3.00197 0.541052 1.72788 data -0.0702413 0.0522345 -0.0349078
location 5376 -5376 0 angles 4.4855 3.00197 1.15192 1.27409 data -0.0344253 0.133691 -0.011431
location 5376 -5376 0 angles 1.55334 6.05629 5.88176 3.82227 data 0.0929494 -0.15801 0.00248018
location 5376 -5376 0 angles 2.11185 5.14872 2.87979 1.16937 data -0.0566845 -0.00796161 0.011599
location 5376 -5376 0 angles 0.855211 3.97935 3.54302 3.57792 data -0.0986029 -0.0995374 0.0602408
location 5376 -5376 0 angles 5.20108 0.890118 1.0472 6.24828 data 0.048877 0.110964 -0.111444
location 5376 -5376 0 angles 5.37561 0.10472 3.33358 5.11381 data -0.0582094 0.000370297 -0.0504556
location 5376 -5376 0 angles 1.44862 3.33358 3.42085 1.85005 data -0.113912 -0.0144774 0.060173
location 5376 -5376 0 angles 2.53073 3.38594 2.68781 4.7473 data 0.0398242 0.0645599 0.083875
location 5376 -5376 0 angles 5.68977 0.942478 2.40855 4.72984 data -0.0336868 0.012579 -0.0344875
location 5376 -5376 0 angles 0.575959 1.3439 2.86234 2.63545 data -0.097751 -0.0848628 0.0358073
location 5376 -5376 0 angles 0.994838 1.36136 4.5204 2.19911 data -0.0556487 -0.10021 0.0222405
location 5376 -5376 0 angles 4.81711 1.09956 2.9147 2.11185 data -0.0945245 -0.0013208 0.0272556
location 5376 -5376 0 angles 2.3911 1.98968 3.45575 1.23918 data -0.0219627 0.0495209 0.0572013
location 5376 -5376 0 angles 6.23083 0.785398 2.67035 5.09636 data -0.0464239 0.00734729 -0.0510491
location 5376 -5376 0 angles 3.33358 3.1765 1.62316 4.57276 data 0.0895382 0.0960571 0.0659377
location 5376 -5376 0 angles 2.30383 3.59538 0.471239 4.85202 data 0.12528 0.0434071 0.01834
location 5376 -5376 0 angles 5.20108 2.04204 0.802851 4.85202 data 0.0459514 0.0832385 -0.0430432
location 0 -5376 0 angles 0 0 0 0 data -0.00280818 0.00698955 -0.150717
location 0 -5376 0 angles 1.97222 4.01426 1.309 2.49582 data 0.00712202 -0.0347236 0.0557529
location 0 -5376 0 angles 3.03687 3.59538 1.55334 1.93732 data 0.00597427 0.0529538 0.0625777
location 0 -5376 0 angles 5.51524 5.58505 1.91986 4.55531 data -0.0308866 -0.00827278 -0.0400385
location 0 -5376 0 angles 2.67035 4.38078 0.541052 3.21141 data 0.0942073 -0.0677883 0.0530097
location 0 -5376 0 angles 5.98648 5.3058 3.15905 2.96706 data -0.134362 -0.119457 0.0347259
location 0 -5376 0 angles 5.5676 5.96903 1.62316 1.06465 data -0.094795 0.0207005 -0.0837571
location 0 -5376 0 angles 2.89725 0.558505 5.21853 1.23918 data 0.0638589 -0.0329963 -0.0187702
location 0 -5376 0 angles 4.55531 5.48033 4.10152 1.72788 data -0.108438 -0.0467371 0.0125226
location 0 -5376 0 angles 5.53269 1.98968 1.85005 0.733038 data -0.0844651 0.121124 -0.0533785
location 0 -5376 0 angles 2.30383 3.4383 0.645772 4.69494 data 0.129389 0.0557399 0.00979466
location 0 -5376 0 angles 5.67232 1.44862 4.92183 1.37881 data -0.118534 -0.0161484 -0.0400451
location 0 -5376 0 angles 1.13446 0.837758 3.29867 5.18363 data -0.0234209 -0.003613 -0.016592
location 0 -5376 0 angles 2.18166 3.12414 1.67552 2.67035 data 0.0225459 -0.00410304 0.0928704
location 0 -5376 0 angles 0.0523599 5.58505 3.92699 2.28638 data -0.147576 -0.136216 0.0122404
location 0 -5376 0 angles 2.93215 3.05433 5.20108 5.07891 data 0.103261 0.0684685 0.0198754
location 0 -5376 0 angles 6.03884 4.39823 3.89208 2.18166 data -0.169347 -0.0800614 0.0325179
location 0 -5376 0 angles 2.1293 3.33358 0.418879 3.07178 data 0.0877749 -0.0468888 0.0644612
location 0 -5376 0 angles 0.296706 4.17134 5.27089 2.79253 data -0.0578351 -0.116058 0.0120135
location 0 -5376 0 angles 4.55531 4.66003 1.6057 1.69297 data -0.0691885 0.03472 -0.0052187
location 0 -5376 0 angles 4.59022 5.61996 0.261799 3.03687 data 0.046554 -0.0860878 -0.00840738
location 0 -5376 0 angles 4.39823 5.55015 2.18166 3.50811 data -0.0127 -0.0436422 0.0442618
location 0 -5376 0 angles 3.21141 3.57792 4.81711 6.02139 data 0.0307844 0.0963559 -0.000957799
location 0 -5376 0 angles 2.35619 3.4383 4.01426 4.67748 data 0.0296965 0.0190413 0.0698019
location 0 -5376 0 angles 5.98648 3.56047 3.47321 5.84685 data -0.133118 0.0954795 -0.0295238
location -5376 -5376 0 angles 0 0 0 0 data 0.0296365 0.000387575 -0.152686
location -5376 -5376 0 angles 1.69297 6.03884 3.59538 3.56047 data -0.0365105 -0.138997 0.071943
location -5376 -5376 0 angles 1.67552 1.6057 0.436332 3.9619 data 0.147008 -0.0456716 -0.00423172
location -5376 -5376 0 angles 3.59538 2.79253 4.36332 4.53786 data 0.0508816 0.0504422 0.0609023
location -5376 -5376 0 angles 0 0.890118 1.88496 0.488692 data -0.0824847 0.0648018 -0.0741124
location -5376 -5376 0 angles 1.51844 3.35103 6.00393 4.2237 data 0.103875 -0.0236016 -9.99913e-05
location -5376 -5376 0 angles 3.4383 6.26573 5.23599 0.366519 data 0.0409229 0.00391556 -0.0672191
location -5376 -5376 0 angles 1.309 4.7822 1.20428 3.38594 data 0.0297836 -0.0854528 0.0116554
location -5376 -5376 0 angles 3.92699 3.00197 5.11381 5.70723 data 0.0406214 0.109732 -0.0232995
location -5376 -5376 0 angles 0.541052 0.383972 1.67552 4.45059 data 0.0172013 -0.0252338 -0.0397056
location -5376 -5376 0 angles 4.15388 5.18363 5.89921 1.32645 data 0.00812858 -0.0162381 -0.049337
location -5376 -5376 0 angles 0.139626 3.12414 3.28122 2.18166 data -0.150387 -0.0178573 0.0828665
location -5376 -5376 0 angles 4.69494 2.00713 5.93412 1.48353 data 0.0315703 0.0298996 -0.031116
location -5376 -5376 0 angles 1.09956 1.20428 3.45575 3.735 data -0.0239993 -0.0946533 0.0663693
location -5376 -5376 0 angles 5.84685 5.84685 6.12611 5.65487 data 0.0176558 0.00820542 -0.145898
location -5376 -5376 0 angles 2.21657 2.70526 0.680678 0.715585 data 0.0631958 0.0933941 -0.0352922
location -5376 -5376 0 angles 5.96903 5.27089 4.27606 3.94444 data -0.0689668 -0.104147 0.0116719
location -5376 -5376 0 angles 5.53269 3.29867 1.58825 1.0821 data -0.0916016 0.112137 -0.0264702
location -5376 -5376 0 angles 0.907571 5.34071 5.86431 2.18166 data -0.00883966 -0.141532 -0.0332813
location -5376 -5376 0 angles 1.58825 2.75762 0.314159 0.959931 data 0.0393221 0.049603 -0.042699
location -5376 -5376 0 angles 4.67748 1.90241 0.802851 1.97222 data 0.0315826 0.0284818 -0.00603915
location -5376 -5376 0 angles 2.61799 2.6529 5.93412 4.55531 data 0.159323 0.0372967 0.00148793
location -5376 -5376 0 angles 5.09636 1.95477 3.1765 5.14872 data -0.0564254 0.0991495 0.0101382
location -5376 -5376 0 angles 4.55531 5.86431 1.29154 5.48033 data 0.0252577 0.085778 -0.0914579
location -5376 -5376 0 angles 5.70723 5.70723 3.07178 4.69494 data -0.0930863 -0.0159962 -0.00821716
location -5376 -5376 5376 angles 0 0 0 0 data 0.00798443 0.0100143 -0.145995
location -5376 -5376 5376 angles 5.16617 3.47321 0.680678 5.77704 data 0.0405114 0.171315 -0.0884848
location -5376 -5376 5376 angles 0 3.26377 1.62316 5.60251 data -0.0527162 0.169885 -0.0581127
location -5376 -5376 5376 angles 0.750492 1.65806 5.74213 3.1765 data 0.0799833 -0.131435 0.00301415
location -5376 -5376 5376 angles 1.44862 4.18879 3.59538 1.01229 data -0.157666 0.0169313 0.0327967
location -5376 -5376 5376 angles 3.50811 0.541052 4.18879 5.98648 data -0.0045702 0.0399724 -0.0217553
location -5376 -5376 5376 angles 0.261799 4.03171 4.93928 3.10669 data -0.0468328 -0.126523 0.0366261
location -5376 -5376 5376 angles 5.02655 2.37365 1.48353 4.62512 data 0.0631792 0.120885 -0.0184103
location -5376 -5376 5376 angles 2.47837 0.174533 3.1765 5.5676 data -0.0218039 0.0400794 -0.0018003
location -5376 -5376 5376 angles 2.47837 1.41372 3.10669 5.37561 data 0.0102182 0.0801545 0.0196408
location -5376 -5376 5376 angles 0.733038 2.42601 2.93215 5.86431 data -0.109665 0.121694 -0.00714165
location -5376 -5376 5376 angles 0.226893 1.65806 1.39626 3.9968 data 0.0486512 -0.0104412 -0.0070054
location -5376 -5376 5376 angles 2.86234 0.261799 5.48033 4.11898 data 0.164347 -0.108587 -0.005986
location -5376 -5376 5376 angles 5.46288 5.23599 0.0174533 2.18166 data -0.0261734 -0.105272 -0.0403699
location -5376 -5376 5376 angles 3.12414 4.13643 2.33874 5.68977 data -0.0299732 0.162043 0.00982412
location -5376 -5376 5376 angles 3.87463 3.4383 6.05629 0.750492 data 0.0441261 0.118517 -0.0441059
location -5376 -5376 5376 angles 2.25147 5.93412 3.87463 1.88496 data -0.0716273 -0.124526 0.0584713
location -5376 -5376 5376 angles 3.68264 2.28638 5.02655 1.36136 data 0.0262999 0.0382662 0.0195894
location -5376 -5376 5376 angles 1.95477 4.39823 1.71042 1.25664 data -0.0485527 0.0366408 0.00428432
location -5376 -5376 5376 angles 3.07178 2.98451 0.0872665 0.314159 data 0.0979899 0.13827 -0.0450038
location -5376 -5376 5376 angles 2.74017 0.715585 4.88692 0.802851 data 0.0204573 -0.0263578 -0.026939
location -5376 -5376 5376 angles 2.54818 6.19592 8.88178e-16 1.09956 data 0.0572265 -0.0414031 -0.0605735
location -5376 -5376 5376 angles 0.0349066 2.72271 2.16421 3.57792 data -0.0463352 0.00628247 0.0579222
location -5376 -5376 5376 angles 1.88496 1.50098 0.20944 4.2586 data 0.188887 -0.0406432 -0.0171632
location -5376 -5376 5376 angles 1.88496 2.54818 1.44862 0.261799 data 0.0265472 0.147614 -0.03262
location -5376 0 5376 angles 0 0 0 0 data 0.00720149 0.00342619 -0.142339
location -5376 0 5376 angles 4.93928 5.68977 1.46608 5.48033 data -0.00117287 0.0845454 -0.0758127
location -5376 0 5376 angles 4.20624 2.23402 3.24631 2.33874 data -0.0610881 0.0125121 0.105227
location -5376 0 5376 angles 1.53589 4.79966 2.02458 1.22173 data -0.108515 -0.00237772 0.000915786
location -5376 0 5376 angles 6.26573 3.00197 3.92699 5.49779 data -0.111994 0.0826357 0.00537612
location -5376 0 5376 angles 5.00909 1.62316 5.84685 3.49066 data 0.111454 -0.0325196 -0.0144839
location -5376 0 5376 angles 3.45575 5.34071 3.03687 4.67748 data -0.0219608 -0.00534507 0.0372193
location -5376 0 5376 angles 3.36849 3.50811 5.044 1.13446 data 0.018842 0.0500251 0.0188522
location -5376 0 5376 angles 3.28122 5.48033 0.418879 5.75959 data 0.108839 0.0567804 -0.0834396
location -5376 0 5376 angles 5.37561 1.62316 3.68264 4.59022 data -0.0503687 0.0230588 0.0241273
location -5376 0 5376 angles 3.92699 5.07891 2.46091 4.86947 data -0.0345724 0.0539746 0.017199
location -5376 0 5376 angles 5.51524 0.767945 4.11898 3.61283 data -0.0429616 -0.12596 0.0150641
location -5376 0 5376 angles 3.97935 1.3439 4.03171 3.89208 data 0.0472465 -0.0536128 0.0599094
location -5376 0 5376 angles 2.02458 6.02139 5.34071 3.40339 data 0.1057 -0.191611 -0.00744903
location -5376 0 5376 angles 4.66003 1.0821 5.25344 1.85005 data 0.03706 -0.0645175 -0.0242812
location -5376 0 5376 angles 0.15708 4.11898 5.53269 5.23599 data -0.00843601 0.0378973 -0.0685612
location -5376 0 5376 angles 4.67748 4.11898 5.00909 1.32645 data -0.0580352 0.0175218 -0.0104136
location -5376 0 5376 angles 5.3058 6.23083 6.23083 4.60767 data 0.0835123 -0.0361975 -0.0960422
location -5376 0 5376 angles 3.52557 5.67232 0.0872665 4.10152 data 0.149476 -0.0644854 -0.034192
location -5376 0 5376 angles 5.42797 3.66519 4.97419 2.04204 data -0.08499 -0.0357708 0.0146578
location -5376 0 5376 angles 4.64258 4.38078 4.66003 3.14159 data -0.0270276 -0.086754 0.0415512
location -5376 0 5376 angles 0.488692 6.19592 2.16421 6.24828 data -0.118605 0.0291835 -0.0642567
location -5376 0 5376 angles 3.28122 0.802851 2.74017 2.18166 data -0.0347131 -0.0482249 0.070831
location -5376 0 5376 angles 1.0472 6.07375 0.331613 3.19395 data 0.0401638 -0.156578 -0.0493255
location -5376 0 5376 angles 5.28835 2.53073 3.45575 6.05629 data -0.125019 0.140862 0.0157766
location -5376 5376 5376 angles 0 0 0 0 data 0.0229805 7.26233e-05 -0.142922
location -5376 5376 5376 angles 2.32129 3.4383 0.733038 0.191986 data 0.0636029 0.145819 -0.00907563
location -5376 5376 5376 angles 1.6057 5.48033 1.48353 1.97222 data -0.0464869 -0.0837437 -0.0220502
location -5376 5376 5376 angles 3.52557 5.00909 5.48033 0.872665 data 0.041591 -0.00378677 -0.04359
location -5376 5376 5376 angles 0.925025 3.14159 5.23599 0.15708 data -0.010174 0.0744289 -0.0317456
location -5376 5376 5376 angles 0.698132 2.79253 0.174533 1.8675 data 0.0185233 0.0339082 -0.0154834
location -5376 5376 5376 angles 4.7473 3.66519 0.907571 4.53786 data 0.0456921 0.127001 -0.00318451
location -5376 5376 5376 angles 2.42601 3.22886 2.21657 2.61799 data -0.0245631 0.026483 0.113616
location -5376 5376 5376 angles 4.41568 2.70526 1.65806 1.11701 data -0.0192592 0.170329 0.037877
location -5376 5376 5376 angles 3.29867 0.575959 0.820305 2.72271 data 0.129633 -0.0714522 -0.0121784
location -5376 5376 5376 angles 4.72984 1.67552 2.18166 5.91667 data -0.0301093 0.145922 0.00247705
location -5376 5376 5376 angles 0.907571 0.191986 5.67232 1.06465 data 0.0149752 -0.090362 -0.105539
location -5376 5376 5376 angles 5.34071 3.54302 2.0944 0.541052 data -0.142668 0.174718 0.0214169
location -5376 5376 5376 angles 0.645772 1.50098 3.49066 3.71755 data -0.0575005 -0.0873543 0.0412224
location -5376 5376 5376 angles 1.6057 3.57792 0.610865 2.44346 data 0.0325345 0.00870994 0.0196975
location -5376 5376 5376 angles 3.24631 0.506145 0.715585 2.94961 data 0.142671 -0.0808141 -0.015903
location -5376 5376 5376 angles 1.44862 0.174533 0.349066 2.98451 data 0.0883918 -0.14075 -0.0558527
location -5376 5376 5376 angles 5.34071 2.70526 2.02458 4.59022 data -0.0388665 0.138032 0.0407078
location -5376 5376 5376 angles 3.00197 5.28835 0 4.20624 data 0.141726 -0.06366 -0.0370127
location -5376 5376 5376 angles 1.11701 1.32645 5.63741 0.139626 data -0.0299228 0.00283183 -0.0835821
location -5376 5376 5376 angles 0.977384 5.48033 5.63741 2.3911 data -0.000622607 -0.162375 -0.062525
location -5376 5376 5376 angles 1.79769 4.32842 2.84489 4.34587 data -0.0824759 -0.0299342 0.0602715
location -5376 5376 5376 angles 3.07178 0.418879 4.95674 1.91986 data 0.07739 -0.134011 -0.0150589
location -5376 5376 5376 angles 3.14159 3.82227 1.29154 3.94444 data 0.0768972 0.0562122 0.0511034
location -5376 5376 5376 angles 4.57276 0.523599 2.04204 3.45575 data -0.001137 -0.0454226 0.016319
location 0 5376 5376 angles 0 0 0 0 data 0.0166976 0.00103509 -0.139284
location 0 5376 5376 angles 3.26377 3.50811 5.88176 2.6529 data 0.0897108 -0.000701592 0.0565928
location 0 5376 5376 angles 1.85005 5.70723 2.47837 3.80482 data -0.0190952 -0.142403 0.0224084
location 0 5376 5376 angles 0.680678 4.24115 3.15905 2.46091 data -0.194465 -0.0877486 0.0349558
location 0 5376 5376 angles 2.68781 5.79449 2.35619 2.32129 data -0.0130461 -0.109238 0.0362138
location 0 5376 5376 angles 4.79966 3.19395 3.87463 6.24828 data -0.0934437 0.137683 0.0260645
location 0 5376 5376 angles 3.42085 5.84685 3.68264 5.77704 data 0.00875651 -0.0197456 -0.00514975
location 0 5376 5376 angles 5.39307 1.79769 5.37561 1.25664 data -0.00389751 0.0634833 -0.0344299
location 0 5376 5376 angles 3.94444 4.06662 0.959931 3.22886 data 0.0188725 0.0166466 0.0403427
location 0 5376 5376 angles 1.71042 3.63028 1.69297 1.79769 data -0.0697573 0.0383121 0.0443076
location 0 5376 5376 angles 2.26893 5.34071 1.8326 4.55531 data 0.0374767 -0.0550267 -0.00158112
location 0 5376 5376 angles 1.8326 1.15192 0.610865 3.76991 data 0.138059 -0.0635611 -0.00268065
location 0 5376 5376 angles 5.16617 1.41372 2.98451 5.00909 data -0.0423518 0.0628831 0.00596736
location 0 5376 5376 angles 3.35103 3.21141 4.43314 2.58309 data 0.0204629 -0.0192462 0.102339
location 0 5376 5376 angles 1.3439 5.8294 5.84685 6.19592 data 0.0445289 -0.0541585 -0.110894
location 0 5376 5376 angles 2.94961 2.49582 3.68264 5.98648 data 0.0155685 0.10854 0.0710771
location 0 5376 5376 angles 3.00197 5.5676 2.44346 3.61283 data 0.02131 -0.1077 0.0504328
location 0 5376 5376 angles 1.76278 3.33358 2.67035 5.8294 data -0.0761286 0.103644 0.047271
location 0 5376 5376 angles 5.77704 1.11701 2.11185 3.00197 data -0.0679631 -0.0407814 0.00598348
location 0 5376 5376 angles 3.57792 2.23402 5.77704 4.57276 data 0.176669 0.0831487 0.0322314
location 0 5376 5376 angles 3.15905 2.19911 4.60767 6.10865 data 0.083683 0.0980417 0.0383554
location 0 5376 5376 angles 3.68264 3.12414 5.74213 3.22886 data 0.110712 0.0210528 0.0637192
location 0 5376 5376 angles 3.49066 3.00197 4.01426 3.1765 data 0.0181132 -0.00942266 0.121004
location 0 5376 5376 angles 2.68781 4.59022 5.49779 0.0872665 data 0.0656181 0.023088 -0.029833
location 0 5376 5376 angles 2.18166 4.97419 4.20624 2.77507 data -0.0254776 -0.179394 0.0388059
location 5376 5376 5376 angles 0 0 0 0 data 0.0228091 0.00358136 -0.140194
location 5376 5376 5376 angles 4.95674 3.97935 6.07375 3.22886 data -0.0114786 -0.0027863 0.0015322
location 5376 5376 5376 angles 0.942478 1.48353 3.22886 2.04204 data -0.105292 -0.0550601 0.0168039
location 5376 5376 5376 angles 1.81514 0 2.63545 4.17134 data 0.0154153 -0.130714 0.0123363
location 5376 5376 5376 angles 5.06145 2.07694 2.87979 5.74213 data -0.064834 0.159126 0.0105704
location 5376 5376 5376 angles 4.92183 5.3058 1.93732 3.28122 data -0.0582099 -0.0580947 -0.00693514
location 5376 5376 5376 angles 4.2237 5.06145 2.11185 3.29867 data -0.0199953 -0.0517977 0.032978
location 5376 5376 5376 angles 3.15905 5.48033 3.00197 3.80482 data 0.0383929 -0.113143 0.0583209
location 5376 5376 5376 angles 4.67748 6.07375 0.244346 1.41372 data 0.0352059 0.0014797 -0.068645
location 5376 5376 5376 angles 1.16937 1.93732 5.20108 1.29154 data -0.0103063 0.00827832 -0.0157266
location 5376 5376 5376 angles 0.0872665 0.628319 4.86947 3.71755 data -0.00966209 -0.122009 -0.0470545
location 5376 5376 5376 angles 1.50098 1.8675 1.36136 3.45575 data 0.0364216 -0.0351398 0.037476
location 5376 5376 5376 angles 4.31096 1.06465 1.18682 4.32842 data 0.1168 0.0424381 0.00906109
location 5376 5376 5376 angles 2.00713 1.48353 5.79449 0.296706 data 0.0959279 0.046715 -0.0232473
location 5376 5376 5376 angles 2.67035 5.42797 1.27409 0.0349066 data 0.0791135 0.0157894 -0.0330687
location 5376 5376 5376 angles 4.64258 5.32325 2.87979 4.15388 data -0.0456048 -0.0483678 0.00696339
location 5376 5376 5376 angles 3.71755 2.79253 2.67035 0.523599 data -0.0171561 0.175085 0.075849
location 5376 5376 5376 angles 4.85202 3.19395 1.0821 2.96706 data -0.0315236 0.0732566 0.0399479
location 5376 5376 5376 angles 4.10152 4.34587 5.51524 5.42797 data 0.0659109 0.0688332 -0.0139783
location 5376 5376 5376 angles 4.2237 2.11185 0.558505 1.02974 data 0.0677361 0.167481 0.0152606
location 5376 5376 5376 angles 0.279253 1.06465 3.82227 2.68781 data -0.100914 -0.107328 -0.00294213
location 5376 5376 5376 angles 1.36136 5.07891 2.18166 3.92699 data -0.066414 -0.13175 -0.00433061
location 5376 5376 5376 angles 0.436332 2.77507 1.16937 3.85718 data -0.0416702 0.0316919 0.00917661
location 5376 5376 5376 angles 1.43117 0.890118 0.174533 3.94444 data 0.10894 -0.0989529 -0.0238423
location 5376 5376 5376 angles 5.81195 5.49779 1.15192 3.49066 data -0.050943 -0.0847616 -0.0612
location 5376 0 5376 angles 0 0 0 0 data -0.0457729 -0.0132977 -0.140585
location 5376 0 5376 angles 4.04916 4.97419 0.820305 5.51524 data 0.0864581 0.0892669 -0.0424414
location 5376 0 5376 angles 0.872665 0.628319 2.70526 2.96706 data -0.0829246 -0.133743 0.0173904
location 5376 0 5376 angles 4.83456 2.54818 5.044 0.139626 data -0.0147921 0.154246 -0.029875
location 5376 0 5376 angles 4.64258 5.14872 0.575959 1.79769 data -0.0172012 -0.000734338 -0.0381507
location 5376 0 5376 angles 2.07694 1.29154 4.90438 2.05949 data -0.0149251 -0.0920992 0.0358736
location 5376 0 5376 angles 5.84685 4.59022 0.837758 1.97222 data -0.11142 -0.0216505 -0.0557703
location 5376 0 5376 angles 5.79449 0.698132 0.20944 1.23918 data -0.0293969 0.00997057 -0.0977913
location 5376 0 5376 angles 1.69297 5.74213 2.19911 6.24828 data -0.0132153 -0.000716073 -0.0428393
location 5376 0 5376 angles 5.63741 0.610865 0.15708 6.24828 data 0.00991791 0.0714689 -0.124022
location 5376 0 5376 angles 0.296706 5.77704 3.57792 1.55334 data -0.149775 -0.100068 -0.0497943
location 5376 0 5376 angles 2.79253 2.58309 5.84685 3.14159 data 0.128369 -0.0264064 0.0892606
location 5376 0 5376 angles 3.76991 1.0472 1.71042 0 data 0.0841829 0.138208 -0.0113525
location 5376 0 5376 angles 2.9147 3.07178 3.49066 1.64061 data -0.0431375 0.0527374 0.096747
location 5376 0 5376 angles 4.97419 1.29154 5.06145 2.25147 data -0.016512 -0.0296411 -0.00149835
location 5376 0 5376 angles 5.58505 6.03884 5.63741 4.57276 data 0.024197 -0.0765415 -0.0819802
location 5376 0 5376 angles 3.92699 4.62512 2.70526 2.02458 data -0.0811188 0.00430045 0.0520263
location 5376 0 5376 angles 3.54302 5.89921 0.820305 0.733038 data 0.0916417 0.0548765 -0.0399062
location 5376 0 5376 angles 1.27409 1.50098 4.27606 3.80482 data 0.00863638 -0.113474 0.0397607
location 5376 0 5376 angles 0.733038 5.35816 5.74213 2.68781 data -0.0400421 -0.178807 -0.0470392
location 5376 0 5376 angles 4.2237 1.85005 1.8326 6.21337 data 0.0340833 0.194476 -0.00164562
location 5376 0 5376 angles 3.07178 0.314159 2.6529 4.97419 data 0.0859431 0.00714012 0.0305303
location 5376 0 5376 angles 4.67748 6.24828 4.39823 1.65806 data -0.0530897 -0.0547078 -0.0216273
location 5376 0 5376 angles 1.20428 2.00713 0.15708 5.28835 data 0.0858348 0.0528164 -0.0411015
location 5376 0 5376 angles 5.42797 0.0349066 6.03884 5.35816 data 0.022061 0.00624693 -0.112246
location 5376 -5376 5376 angles 0 0 0 0 data -0.00492991 0.0125052 -0.144638
location 5376 -5376 5376 angles 3.735 3.1765 1.3439 6.26573 data 0.0823623 0.213252 -0.0132699
location 5376 -5376 5376 angles 2.47837 2.74017 0.558505 4.53786 data 0.174009 0.045035 0.04565
location 5376 -5376 5376 angles 3.735 4.03171 1.22173 3.45575 data 0.0591876 -0.00598403 0.0702105
location 5376 -5376 5376 angles 3.00197 0.767945 1.01229 2.07694 data 0.09759 -0.0197132 0.0332791
location 5376 -5376 5376 angles 1.39626 1.11701 2.6529 1.16937 data -0.0631916 0.0166844 -0.00627561
location 5376 -5376 5376 angles 3.31613 5.32325 2.75762 1.85005 data -0.0395371 -0.0116681 0.0510971
location 5376 -5376 5376 angles 0.383972 5.16617 1.25664 1.50098 data -0.108009 -0.0484764 -0.0752051
location 5376 -5376 5376 angles 3.33358 0.20944 3.49066 1.8326 data -0.023207 -0.03144 0.0540783
location 5376 -5376 5376 angles 5.93412 4.08407 4.71239 4.53786 data -0.0703267 -0.0455204 -0.0210344
location 5376 -5376 5376 angles 4.2586 2.84489 0.436332 0.715585 data 0.0279111 0.17984 -0.0357837
location 5376 -5376 5376 angles 0.20944 5.48033 2.30383 5.16617 data -0.0754444 -0.013906 -0.0708873
location 5376 -5376 5376 angles 0.942478 3.24631 1.64061 4.41568 data -0.00412213 0.00111868 0.0142538
location 5376 -5376 5376 angles 1.85005 3.85718 6.02139 1.71042 data 0.0127726 -0.0235899 0.00918994
location 5376 -5376 5376 angles 1.8675 4.90438 4.86947 1.13446 data -0.0260165 -0.0446716 -0.0177411
location 5376 -5376 5376 angles 6.23083 3.12414 2.02458 1.13446 data -0.158748 0.0944558 -0.0391441
location 5376 -5376 5376 angles 3.45575 2.75762 4.7473 5.25344 data 0.0928923 0.115824 0.0335651
location 5376 -5376 5376 angles 2.6529 6.05629 1.32645 1.93732 data 0.0610418 -0.0409878 0.0230603
location 5376 -5376 5376 angles 5.60251 5.13127 6.00393 3.64774 data -0.0168344 -0.126866 -0.0311775
location 5376 -5376 5376 angles 0.506145 6.28319 6.14356 0.925025 data -0.0256993 -0.039302 -0.113504
location 5376 -5376 5376 angles 1.55334 1.09956 2.35619 5.02655 data 0.0471678 0.0163461 -0.000664403
location 5376 -5376 5376 angles 4.69494 2.86234 0.401426 2.86234 data 0.00502086 0.0083397 0.0341593
location 5376 -5376 5376 angles 0 4.24115 0.20944 2.93215 data -0.0640941 -0.107206 -0.0156022
location 5376 -5376 5376 angles 6.12611 1.0472 3.92699 0.436332 data -0.0437355 0.0579296 -0.0755807
location 5376 -5376 5376 angles 2.28638 0.0698132 1.76278 0.20944 data 0.064824 0.0642506 -0.035132
location 0 -5376 5376 angles 0 0 0 0 data 0.0317388 0.0216105 -0.14339
location 0 -5376 5376 angles 2.30383 0.20944 2.96706 4.86947 data 0.0441994 -0.00835078 0.0224714
location 0 -5376 5376 angles 4.86947 1.67552 3.1765 2.11185 data -0.117409 -0.000917813 0.0561319
location 0 -5376 5376 angles 4.81711 0.506145 2.3911 5.48033 data -0.0304007 0.0960765 -0.0487928
location 0 -5376 5376 angles 1.8326 0.558505 4.5204 3.24631 data 0.0423662 -0.193746 0.0608723
location 0 -5376 5376 angles 2.19911 0.750492 3.7001 3.97935 data 0.0535359 -0.10852 0.0723417
location 0 -5376 5376 angles 2.89725 3.9619 3.38594 1.309 data -0.0886981 0.0493218 0.0614805
location 0 -5376 5376 angles 1.15192 4.32842 2.58309 0.349066 data -0.134419 0.0740348 -0.026057
location 0 -5376 5376 angles 2.86234 1.98968 4.81711 4.79966 data 0.13159 0.0393012 0.0354874
location 0 -5376 5376 angles 0.471239 5.58505 1.72788 2.53073 data -0.0864651 -0.125562 -0.00553036
location 0 -5376 5376 angles 4.39823 5.79449 4.64258 2.74017 data -0.0224343 -0.138566 0.0380831
location 0 -5376 5376 angles 5.25344 0.0523599 2.35619 1.72788 data -0.13416 -0.0218763 -0.0153674
location 0 -5376 5376 angles 0.453786 2.11185 5.51524 5.25344 data 0.0383562 0.0381877 -0.0625001
location 0 -5376 5376 angles 5.49779 1.5708 4.43314 0.506145 data -0.0451927 0.0752796 -0.0552024
location 0 -5376 5376 angles 0.0698132 2.67035 2.82743 1.01229 data -0.177499 0.0984436 -0.00857226
location 0 -5376 5376 angles 5.8294 5.89921 4.7473 5.68977 data -0.0612617 -0.0118776 -0.0971363
location 0 -5376 5376 angles 3.52557 2.42601 0.0174533 3.89208 data 0.169417 0.0192951 0.0494161
location 0 -5376 5376 angles 3.66519 5.89921 2.9147 4.99164 data 0.0173909 0.0419874 0.0111432
location 0 -5376 5376 angles 0.191986 0.558505 0.750492 2.3911 data -0.0074882 -0.111233 -0.0332423
location 0 -5376 5376 angles 0.191986 6.02139 1.5708 3.63028 data -0.0263687 -0.117489 -0.013855
location 0 -5376 5376 angles 0.366519 4.59022 3.66519 4.53786 data -0.107988 -0.0540871 0.00170119
location 0 -5376 5376 angles 2.82743 0.994838 5.48033 3.50811 data 0.1684 -0.123148 0.0504164
location 0 -5376 5376 angles 5.72468 2.84489 1.22173 3.08923 data -0.0232406 -0.0101467 0.0236168
location 0 -5376 5376 angles 0.488692 5.84685 0.453786 4.79966 data 0.109531 -0.0616143 -0.0930657
location 0 -5376 5376 angles 0.523599 5.02655 2.84489 2.56563 data -0.161852 -0.134532 0.0349799
location 0 0 5376 angles 0 0 0 0 data 0.00297943 0.00764694 -0.139198
location 0 0 5376 angles 2.46091 1.13446 3.07178 5.32325 data 0.0345526 0.0351225 0.0255082
location 0 0 5376 angles 1.32645 1.44862 4.27606 3.28122 data 0.00169082 -0.135241 0.0529153
location 0 0 5376 angles 3.10669 6.19592 2.68781 4.34587 data 0.0525233 -0.0421768 0.0443349
location 0 0 5376 angles 3.80482 5.88176 0.331613 2.23402 data 0.0874974 -0.0709191 -0.0125686
location 0 0 5376 angles 5.39307 2.16421 2.35619 3.90954 data -0.0497158 0.0456258 0.0436214
location 0 0 5376 angles 5.18363 2.26893 0.0698132 3.47321 data 0.0579948 0.0108567 0.00624134
location 0 0 5376 angles 0.610865 3.24631 5.21853 6.02139 data -0.052488 0.0724962 -0.0538327
location 0 0 5376 angles 1.90241 3.59538 5.98648 5.28835 data 0.0975844 0.0614022 -0.0217058
location 0 0 5376 angles 5.11381 2.49582 3.49066 1.50098 data -0.139047 0.0825273 0.0400598
location 0 0 5376 angles 2.89725 3.14159 0.750492 0.820305 data 0.073219 0.137213 0.00825627
location 0 0 5376 angles 5.21853 5.68977 1.90241 1.62316 data -0.112253 -0.00948256 -0.0356402
location 0 0 5376 angles 4.32842 5.34071 0.680678 5.48033 data 0.0766457 0.0723189 -0.0754296
location 0 0 5376 angles 5.14872 3.38594 0.174533 4.7473 data 0.0452759 0.0895426 -0.032351
location 0 0 5376 angles 0.0349066 4.81711 1.69297 6.21337 data -0.125394 0.0810498 -0.0820461
location 0 0 5376 angles 1.39626 3.36849 4.10152 0.418879 data -0.0971358 0.0533859 0.0072785
location 0 0 5376 angles 1.39626 6.16101 3.19395 5.53269 data -0.049878 -0.0301323 -0.0300328
location 0 0 5376 angles 6.21337 4.50295 2.79253 6.05629 data -0.181644 0.072707 -0.0415803
location 0 0 5376 angles 2.40855 1.48353 3.57792 0.506145 data -0.0116466 0.0448738 0.0265366
location 0 0 5376 angles 6.05629 4.64258 2.6529 5.39307 data -0.146278 0.0466399 -0.0397543
location 0 0 5376 angles 4.88692 0.715585 4.20624 0.418879 data -0.0655157 -0.00130665 -0.0487298
location 0 0 5376 angles 4.5204 2.40855 3.03687 4.60767 data -0.0273478 0.110578 0.061558
location 0 0 5376 angles 3.03687 0.959931 1.85005 1.06465 data 0.0417926 0.0554357 0.00926135
location 0 0 5376 angles 5.51524 4.55531 4.53786 3.07178 data -0.0977031 -0.109615 0.0167981
location 0 0 5376 angles 4.86947 3.21141 5.98648 1.74533 data -0.017359 0.059031 -0.00719085
location 0 0 10752 angles 0 0 0 0 data -0.0276445 0.0089849 -0.123079
location 0 0 10752 angles 1.64061 0.802851 2.86234 3.12414 data -0.0309399 -0.151319 0.0537691
location 0 0 10752 angles 2.80998 4.2237 2.94961 0.523599 data -0.076759 0.0887441 0.0306876
location 0 0 10752 angles 2.84489 4.7473 2.87979 2.47837 data -0.0620914 -0.0932523 0.0762696
location 0 0 10752 angles 4.11898 2.80998 5.77704 4.93928 data 0.133068 0.125684 0.00108725
location 0 0 10752 angles 5.61996 2.00713 4.69494 0.820305 data -0.0937862 0.0846056 -0.0314709
location 0 0 10752 angles 4.39823 4.43314 3.64774 0.575959 data -0.130687 0.0872875 0.000788094
location 0 0 10752 angles 0.226893 0.575959 2.98451 3.68264 data -0.0978494 -0.129379 0.0147696
location 0 0 10752 angles 5.63741 1.3439 2.14675 4.53786 data -0.0356639 0.0417672 -0.0098064
location 0 0 10752 angles 1.64061 4.86947 0.401426 0 data 0.0466478 0.031646 -0.0706716
location 0 0 10752 angles 1.15192 4.24115 2.89725 3.26377 data -0.140119 -0.123911 0.0569278
location 0 0 10752 angles 0.139626 0.436332 1.20428 5.96903 data -0.0241464 0.0652586 -0.0975755
location 0 0 10752 angles 2.86234 6.16101 1.74533 2.16421 data 0.0500758 -0.0711596 0.0256267
location 0 0 10752 angles 5.70723 4.86947 1.27409 2.84489 data -0.0785752 -0.0800438 -0.0189133
location 0 0 10752 angles 3.66519 1.36136 2.77507 3.42085 data 0.0444356 -0.0287338 0.0830614
location 0 0 10752 angles 1.15192 0.750492 0.418879 1.64061 data 0.0414702 -0.0717229 -0.0464104
location 0 0 10752 angles 0.907571 5.91667 4.64258 5.67232 data -0.0657298 -0.0740368 -0.0701579
location 0 0 10752 angles 3.05433 2.60054 6.19592 3.08923 data 0.165599 -0.00798119 0.0604103
location 0 0 10752 angles 1.36136 5.34071 3.42085 0.418879 data -0.131802 -0.0378575 -0.027923
location 0 0 10752 angles 2.86234 5.20108 2.14675 0.0872665 data -0.00413628 0.0702689 -0.0113968
location 0 0 10752 angles 3.21141 1.25664 1.98968 4.69494 data 0.124701 0.068626 0.0310363
location 0 0 10752 angles 0.820305 0.645772 6.05629 5.06145 data 0.102545 -0.0418112 -0.0794447
location 0 0 10752 angles 0.261799 5.044 4.88692 5.51524 data -0.0766417 -0.0332399 -0.074396
location 0 0 10752 angles 2.42601 0.261799 3.735 4.85202 data 0.0557332 -0.0699079 0.0174267
location 0 0 10752 angles 0.645772 4.60767 1.55334 3.47321 data -0.0740747 -0.100325 -0.00201011
location -5376 0 10752 angles 0 0 0 0 data 0.0397503 0.00701292 -0.126154
location -5376 0 10752 angles 1.55334 0.733038 0.296706 4.36332 data 0.177083 -0.0713219 -0.0500814
location -5376 0 10752 angles 4.7473 2.53073 4.85202 1.69297 data -0.0281241 0.0233624 0.0235002
location -5376 0 10752 angles 3.54302 0.244346 2.54818 6.24828 data -0.0425494 0.0748544 -0.00558022
location -5376 0 10752 angles 3.7001 0.541052 2.04204 3.94444 data 0.070622 -0.026024 0.0310342
location -5376 0 10752 angles 6.24828 1.8675 3.64774 5.25344 data -0.101094 0.0668946 0.00630469
location -5376 0 10752 angles 3.24631 4.4855 5.55015 2.53073 data 0.0910499 -0.10751 0.0199314
location -5376 0 10752 angles 3.97935 4.90438 6.02139 4.95674 data 0.127023 0.0327236 -0.0530525
location -5376 0 10752 angles 0.523599 0.331613 2.60054 0.383972 data -0.156995 0.0194081 -0.0344549
location -5376 0 10752 angles 5.96903 0 0.785398 0.907571 data -0.000871739 0.00986476 -0.0966543
location -5376 0 10752 angles 4.66003 2.25147 2.94961 0.349066 data -0.116341 0.181973 0.0253295
location -5376 0 10752 angles 3.26377 0.610865 2.1293 4.38078 data 0.080711 0.00783123 0.0220518
location -5376 0 10752 angles 1.91986 3.28122 4.24115 4.76475 data 0.00389417 0.0175783 0.0400154
location -5376 0 10752 angles 1.74533 5.18363 2.93215 3.71755 data -0.0721167 -0.143155 0.0547057
location -5376 0 10752 angles 1.27409 1.88496 0.0174533 4.64258 data 0.154549 0.016165 -0.0395149
location -5376 0 10752 angles 5.5676 4.36332 0.349066 2.80998 data 0.00487885 -0.052772 -0.0194444
location -5376 0 10752 angles 4.45059 4.39823 0.575959 5.96903 data 0.0460125 0.15602 -0.0682239
location -5376 0 10752 angles 5.20108 1.15192 3.00197 3.87463 data -0.0644425 -0.0357379 0.0379233
location -5376 0 10752 angles 5.60251 2.72271 1.25664 0.244346 data -0.0486918 0.209644 -0.0451113
location -5376 0 10752 angles 6.00393 5.044 6.19592 5.16617 data 0.0224145 0.0115062 -0.0973762
location -5376 0 10752 angles 3.68264 5.14872 0.610865 2.26893 data 0.0875557 -0.0666388 -0.0109441
location -5376 0 10752 angles 3.36849 6.19592 3.1765 0.820305 data -0.0803349 0.00408373 0.0158363
location -5376 0 10752 angles 3.03687 1.53589 2.40855 3.26377 data 0.0335049 -0.043615 0.0848373
location -5376 0 10752 angles 0.610865 3.89208 4.7473 0.453786 data -0.119523 0.0370589 -0.0286036
location -5376 0 10752 angles 2.58309 2.35619 3.19395 1.22173 data -0.0694279 0.0710388 0.0727314
location -5376 5376 10752 angles 0 0 0 0 data -0.00905522 0.0058859 -0.126401
location -5376 5376 10752 angles 3.78736 3.7001 0.331613 2.86234 data 0.107921 0.0283403 0.024976
location -5376 5376 10752 angles 2.19911 6.21337 4.7822 3.87463 data 0.099679 -0.199633 -0.0146087
location -5376 5376 10752 angles 0.994838 0.907571 5.65487 2.70526 data 0.0896361 -0.145531 -0.0412728
location -5376 5376 10752 angles 4.71239 2.02458 3.26377 6.26573 data -0.0865831 0.144336 0.0347899
location -5376 5376 10752 angles 5.00909 3.15905 5.55015 2.84489 data 0.0447308 0.0152143 0.0168951
location -5376 5376 10752 angles 2.28638 2.00713 0.558505 0.925025 data 0.120265 0.094776 -0.0168553
location -5376 5376 10752 angles 0.767945 1.5708 6.02139 1.50098 data -0.0367154 -0.00231617 -0.0475323
location -5376 5376 10752 angles 5.25344 1.18682 5.02655 6.0912 data 0.0315298 0.0540062 -0.0591122
location -5376 5376 10752 angles 0.767945 3.28122 4.5204 1.20428 data -0.109711 0.0190305 0.0148795
location -5376 5376 10752 angles 5.95157 5.93412 3.24631 1.6057 data -0.203591 -0.112038 -0.00829861
location -5376 5376 10752 angles 2.72271 3.76991 1.23918 4.83456 data 0.0822765 0.123566 0.0167201
location -5376 5376 10752 angles 0.20944 1.71042 4.20624 5.00909 data -0.0390217 0.0181325 -0.00236949
location -5376 5376 10752 angles 2.0944 5.95157 4.90438 2.63545 data 0.0550873 -0.228658 -0.013822
location -5376 5376 10752 angles 6.16101 6.03884 1.13446 5.00909 data -0.00326481 0.0046651 -0.0856321
location -5376 5376 10752 angles 4.97419 4.97419 3.76991 0.296706 data -0.160822 0.0196531 -0.012355
location -5376 5376 10752 angles 4.97419 4.81711 3.40339 2.07694 data -0.183739 -0.0830536 0.0384102
location -5376 5376 10752 angles 5.88176 4.46804 3.61283 0.471239 data -0.226745 0.0380918 -0.00177792
location -5376 5376 10752 angles 2.79253 0.436332 1.53589 3.54302 data 0.109295 -0.0878794 0.0099574
location -5376 5376 10752 angles 5.07891 1.72788 5.86431 3.03687 data 0.117177 -0.00586522 -0.0111238
location -5376 5376 10752 angles 0.122173 2.68781 4.41568 1.0472 data -0.117321 0.0542949 0.010873
location -5376 5376 10752 angles 0.575959 4.46804 5.77704 5.58505 data -0.0109913 0.0354259 -0.0774646
location -5376 5376 10752 angles 0.261799 3.92699 3.52557 0.0872665 data -0.215249 0.075716 0.0132455
location -5376 5376 10752 angles 0.10472 5.37561 1.85005 4.90438 data -0.101989 -0.00602467 -0.0464971
location -5376 5376 10752 angles 3.80482 0.767945 4.72984 0.226893 data 0.0736935 -0.00764189 -0.0363315
location 0 5376 10752 angles 0 0 0 0 data 0.0162591 0.00250947 -0.122978
location 0 5376 10752 angles 4.88692 5.91667 0.0349066 4.38078 data 0.100647 -0.054314 -0.0651497
location 0 5376 10752 angles 1.8326 4.41568 3.07178 0.628319 data -0.138394 -0.00452084 0.0129147
location 0 5376 10752 angles 2.04204 1.6057 2.07694 1.15192 data -0.00465758 0.0492848 0.023979
location 0 5376 10752 angles 1.23918 5.3058 1.15192 6.03884 data -0.00258258 -0.00118899 -0.0802794
location 0 5376 10752 angles 6.23083 3.01942 0.122173 5.67232 data -0.0022051 0.15639 -0.0487028
location 0 5376 10752 angles 0.698132 6.07375 2.37365 2.25147 data -0.134523 -0.135955 -0.0183934
location 0 5376 10752 angles 1.44862 3.59538 0.139626 0.959931 data -0.00211805 0.0692368 -0.0201152
location 0 5376 10752 angles 5.09636 3.63028 1.69297 1.0821 data -0.129242 0.168549 0.00731503
location 0 5376 10752 angles 3.54302 0.244346 0.349066 2.35619 data 0.14845 -0.087004 -0.0157373
location 0 5376 10752 angles 0.593412 0.628319 5.18363 0.366519 data -0.0212933 -0.0343853 -0.0860883
location 0 5376 10752 angles 3.31613 0.488692 0.890118 5.044 data 0.188267 0.029244 -0.0307754
location 0 5376 10752 angles 0.244346 1.64061 3.42085 1.13446 data -0.154411 0.0298346 0.000660402
location 0 5376 10752 angles 4.2586 4.72984 1.71042 3.14159 data -0.0213607 -0.0340667 0.0259428
location 0 5376 10752 angles 0.645772 3.61283 3.12414 4.66003 data -0.153401 0.033468 0.0304959
location 0 5376 10752 angles 4.97419 4.7822 4.39823 1.74533 data -0.120867 -0.0584722 -0.0069014
location 0 5376 10752 angles 0.680678 6.07375 4.66003 4.85202 data -0.0218893 -0.135947 -0.0675181
location 0 5376 10752 angles 2.6529 1.27409 1.11701 3.08923 data 0.151807 -0.0512966 0.0340647
location 0 5376 10752 angles 2.23402 2.53073 0.645772 5.28835 data 0.145272 0.13456 0.00610706
location 0 5376 10752 angles 2.23402 2.18166 0.977384 1.67552 data 0.0780938 0.0655497 0.0282294
location 0 5376 10752 angles 1.37881 3.7001 1.55334 3.50811 data -0.043282 -0.0126867 0.0408467
location 0 5376 10752 angles 2.93215 2.07694 3.33358 5.044 data 0.0590223 0.0769365 0.0697336
location 0 5376 10752 angles 3.71755 6.0912 5.8294 1.18682 data 0.112733 -0.0385226 -0.0492358
location 0 5376 10752 angles 4.15388 2.28638 2.33874 3.54302 data 0.0206159 0.0755655 0.088384
location 0 5376 10752 angles 2.23402 4.10152 3.97935 3.03687 data -0.0409024 -0.136085 0.0693625
location 5376 5376 10752 angles 0 0 0 0 data 0.000570721 0.00494533 -0.12401
location 5376 5376 10752 angles 6.21337 0.366519 2.98451 1.09956 data -0.139428 -0.0285378 -0.0564188
location 5376 5376 10752 angles 1.39626 4.7822 1.3439 2.0944 data -0.0472653 -0.10309 -0.0243083
location 5376 5376 10752 angles 1.0821 5.02655 5.14872 4.13643 data -0.0193336 -0.176131 -0.0423029
location 5376 5376 10752 angles 5.8294 1.98968 3.66519 0.541052 data -0.145861 0.12584 -0.0161902
location 5376 5376 10752 angles 3.35103 5.35816 4.2237 2.60054 data 0.0323886 -0.153996 0.0405894
location 5376 5376 10752 angles 2.11185 0.645772 5.00909 0.767945 data 0.096857 -0.0483093 -0.0263886
location 5376 5376 10752 angles 4.4855 2.16421 4.29351 0.750492 data -0.0219515 0.15743 0.0268193
location 5376 5376 10752 angles 3.83972 3.63028 2.0944 3.76991 data 0.00528118 0.0515826 0.0829076
location 5376 5376 10752 angles 4.57276 5.63741 1.23918 5.00909 data 0.0589278 0.0299937 -0.0410289
location 5376 5376 10752 angles 0.820305 0.191986 2.98451 3.07178 data -0.105332 -0.17902 -0.011254
location 5376 5376 10752 angles 2.82743 3.78736 4.36332 5.91667 data 0.0377976 0.0564493 0.034793
location 5376 5376 10752 angles 0.261799 5.11381 5.55015 3.4383 data -0.058628 -0.164027 -0.0600618
location 5376 5376 10752 angles 5.14872 0.575959 3.4383 2.47837 data -0.0107192 -0.0835298 -0.0017646
location 5376 5376 10752 angles 0.959931 0.855211 2.49582 5.00909 data -0.0372334 -0.0194425 -0.0242963
location 5376 5376 10752 angles 1.64061 1.78024 2.74017 0.0872665 data -0.0338278 0.0756282 0.0128464
location 5376 5376 10752 angles 6.07375 2.79253 2.9147 4.2586 data -0.143446 0.0582589 0.029359
location 5376 5376 10752 angles 4.86947 0.855211 5.16617 5.28835 data 0.09142 0.0362694 -0.0452768
location 5376 5376 10752 angles 2.84489 1.36136 4.45059 0.628319 data 0.103924 0.0315278 0.0229738
location 5376 5376 10752 angles 3.66519 5.8294 5.28835 5.46288 data 0.153721 -0.020951 -0.0309523
location 5376 5376 10752 angles 0.925025 1.62316 6.02139 0.610865 data 0.0186079 0.0656619 -0.0528498
location 5376 5376 10752 angles 5.3058 1.97222 0.698132 2.40855 data -0.0454651 0.0781453 0.00281356
location 5376 5376 10752 angles 4.5204 3.03687 4.81711 4.2586 data 0.024878 0.0694965 0.043043
location 5376 5376 10752 angles 1.13446 3.82227 3.31613 1.11701 data -0.191989 0.012182 0.00763904
location 5376 5376 10752 angles 2.00713 5.28835 2.74017 4.17134 data -0.00181544 -0.15203 0.0197184
location 5376 0 10752 angles 0 0 0 0 data 0.0206177 0.0175603 -0.12456
location 5376 0 10752 angles 4.81711 5.00909 1.81514 2.26893 data -0.0937455 -0.0289612 -0.0039092
location 5376 0 10752 angles 5.70723 2.3911 6.14356 0.349066 data -0.0415247 0.161495 -0.070909
location 5376 0 10752 angles 0.942478 1.51844 5.21853 0.488692 data -0.00537947 0.0316208 -0.0533004
location 5376 0 10752 angles 2.07694 4.95674 0.261799 0.15708 data 0.0884742 0.0164863 -0.0497255
location 5376 0 10752 angles 5.51524 4.76475 1.53589 5.06145 data -0.0654991 0.052647 -0.0573868
location 5376 0 10752 angles 3.07178 5.32325 5.89921 2.23402 data 0.107744 -0.107839 0.0175585
location 5376 0 10752 angles 3.75246 2.86234 0.453786 4.83456 data 0.0860372 0.142053 0.0275595
location 5376 0 10752 angles 0.226893 3.22886 5.16617 4.99164 data -0.0510235 0.0277777 -0.035412
location 5376 0 10752 angles 3.45575 1.43117 0.261799 0.0872665 data 0.181442 0.158929 -0.0112847
location 5376 0 10752 angles 4.60767 0.767945 5.96903 0.523599 data 0.0497364 0.103324 -0.0644033
location 5376 0 10752 angles 5.77704 0.122173 3.12414 4.60767 data -0.0960603 -0.0674549 -0.033968
location 5376 0 10752 angles 4.08407 0.0872665 4.13643 2.6529 data -0.000135205 -0.120353 0.0395379
location 5376 0 10752 angles 0.733038 6.16101 0.174533 3.94444 data -0.0119452 -0.171864 -0.049747
location 5376 0 10752 angles 0.942478 1.71042 1.20428 2.6529 data -0.0201174 -0.0592083 0.00767557
location 5376 0 10752 angles 4.15388 4.18879 3.14159 0.314159 data -0.0833702 0.135477 0.00554183
location 5376 0 10752 angles 2.70526 1.32645 0.174533 2.94961 data 0.180611 -0.0775261 0.0508668
location 5376 0 10752 angles 1.22173 4.13643 3.14159 0.0698132 data -0.139411 0.0435399 -0.0174432
location 5376 0 10752 angles 2.14675 2.07694 0.942478 1.93732 data 0.0735398 0.0233517 0.0359552
location 5376 0 10752 angles 4.20624 2.21657 1.09956 5.5676 data 0.100711 0.224943 -0.00220987
location 5376 0 10752 angles 4.59022 3.49066 5.58505 2.33874 data -0.0274634 0.00952579 0.0200158
location 5376 0 10752 angles 5.81195 1.22173 2.82743 1.5708 data -0.170453 0.0191937 -0.0213163
location 5376 0 10752 angles 4.67748 4.17134 0.575959 1.09956 data -0.0338342 0.119121 -0.0375013
location 5376 0 10752 angles 5.65487 3.47321 4.15388 4.67748 data -0.114833 0.0227286 -0.00480617
location 5376 0 10752 angles 1.98968 2.75762 5.37561 3.14159 data 0.0713095 -0.0877112 0.064995
location 5376 -5376 10752 angles 0 0 0 0 data -0.00998691 0.0213042 -0.129001
location 5376 -5376 10752 angles 0.488692 1.3439 1.43117 1.27409 data -0.0815751 0.0335758 -0.049463
location 5376 -5376 10752 angles 6.10865 2.89725 2.63545 4.15388 data -0.113821 0.00307487 0.0232147
location 5376 -5376 10752 angles 2.02458 3.03687 0.820305 0.959931 data 0.0469401 0.109959 -0.00698829
location 5376 -5376 10752 angles 0.471239 3.735 0.418879 3.64774 data -0.0219016 -0.10595 0.000576974
location 5376 -5376 10752 angles 4.57276 3.80482 3.64774 5.84685 data -0.0882704 0.155643 -0.0200478
location 5376 -5376 10752 angles 2.19911 2.49582 5.81195 2.11185 data 0.0741014 -0.0296462 0.0472264
location 5376 -5376 10752 angles 1.11701 1.6057 6.16101 5.5676 data 0.0981948 0.0594208 -0.0621529
location 5376 -5376 10752 angles 2.04204 3.00197 2.25147 2.32129 data -0.0376963 -0.00581207 0.0811461
location 5376 -5376 10752 angles 0.610865 5.39307 4.34587 1.91986 data -0.163035 -0.169731 -0.0186142
location 5376 -5376 10752 angles 2.26893 3.80482 5.84685 0.296706 data 0.0849253 0.0995809 -0.0233465
location 5376 -5376 10752 angles 5.58505 2.89725 3.85718 5.86431 data -0.140056 0.140396 -0.043768
location 5376 -5376 10752 angles 0.191986 5.79449 0.698132 5.3058 data 0.0484972 -0.0145618 -0.104168
location 5376 -5376 10752 angles 2.00713 4.5204 0.698132 3.7001 data 0.114935 -0.133025 0.0437336
location 5376 -5376 10752 angles 4.46804 4.5204 2.47837 5.75959 data -0.0575484 0.151735 -0.0321691
location 5376 -5376 10752 angles 2.79253 6.23083 6.00393 5.53269 data 0.20562 0.034083 -0.0363981
location 5376 -5376 10752 angles 1.27409 1.0821 5.74213 3.92699 data 0.110786 -0.153999 0.0141477
location 5376 -5376 10752 angles 0.925025 0.0523599 4.43314 5.79449 data -0.0247669 -0.0381369 -0.0662904
location 5376 -5376 10752 angles 4.5204 5.63741 0.349066 3.21141 data 0.0570564 -0.11097 0.00391935
location 5376 -5376 10752 angles 0.506145 2.14675 5.20108 3.42085 data -0.052456 -0.128978 0.0235902
location 5376 -5376 10752 angles 2.32129 4.67748 4.7822 1.13446 data -0.00024529 -0.0117254 0.00204527
location 5376 -5376 10752 angles 5.81195 4.88692 0.436332 5.68977 data -0.0024776 0.0509392 -0.112423
location 5376 -5376 10752 angles 5.44543 2.23402 1.13446 3.87463 data -0.00380076 0.00585201 0.00718455
location 5376 -5376 10752 angles 5.044 5.37561 1.58825 2.58309 data -0.0819781 -0.0800969 -0.0053584
location 5376 -5376 10752 angles 3.92699 5.06145 2.61799 4.38078 data 0.0230421 0.000966303 0.036961
location 0 -5376 10752 angles 0 0 0 0 data -0.00869979 0.0217543 -0.127649
location 0 -5376 10752 angles 3.97935 4.27606 2.98451 5.63741 data -0.0651351 0.151957 0.000401562
location 0 -5376 10752 angles 2.49582 1.55334 1.69297 1.91986 data 0.0508715 0.0109821 0.0397867
location 0 -5376 10752 angles 0.261799 1.0472 5.00909 3.00197 data -0.0158384 -0.188881 0.0134309
location 0 -5376 10752 angles 5.77704 2.28638 1.81514 4.57276 data -0.013471 0.0832685 -0.0099048
location 0 -5376 10752 angles 5.58505 5.77704 3.735 2.86234 data -0.151757 -0.176842 0.032346
location 0 -5376 10752 angles 0.226893 5.44543 2.89725 5.44543 data -0.118595 0.0166137 -0.0532396
location 0 -5376 10752 angles 0.0872665 2.89725 2.32129 5.72468 data -0.120896 0.175246 -0.0377958
location 0 -5376 10752 angles 6.26573 5.28835 3.10669 2.94961 data -0.169717 -0.174278 0.0352421
location 0 -5376 10752 angles 3.05433 2.93215 0.750492 1.76278 data 0.0846411 0.0752796 0.0297551
location 0 -5376 10752 angles 4.15388 4.4855 0.401426 0.593412 data 0.0275404 0.131277 -0.0607756
location 0 -5376 10752 angles 4.31096 1.65806 5.37561 4.2586 data 0.131749 0.00654987 0.0115269
location 0 -5376 10752 angles 6.14356 0.820305 5.18363 0.418879 data -0.0518925 0.0177262 -0.0918716
location 0 -5376 10752 angles 5.21853 1.16937 4.39823 0.698132 data -0.109068 0.0699164 -0.0465791
location 0 -5376 10752 angles 4.2586 1.88496 4.72984 4.46804 data 0.0826973 0.0378353 0.0251776
location 0 -5376 10752 angles 4.7473 0.366519 3.735 0.942478 data -0.13248 0.038778 -0.0272502
location 0 -5376 10752 angles 4.24115 2.3911 1.81514 1.72788 data -0.0321647 0.121993 0.0302552
location 0 -5376 10752 angles 1.91986 4.43314 0.575959 0.122173 data 0.0629684 0.090319 -0.0608095
location 0 -5376 10752 angles 5.96903 0.680678 2.63545 4.5204 data -0.0623403 -0.0248311 -0.00924511
location 0 -5376 10752 angles 3.21141 6.16101 6.00393 0.872665 data 0.105499 0.0157514 -0.050076
location 0 -5376 10752 angles 4.03171 5.35816 0.680678 6.17847 data 0.032305 0.122545 -0.0804789
location 0 -5376 10752 angles 5.25344 5.46288 5.79449 3.08923 data 0.00776048 -0.165837 -0.0128611
location 0 -5376 10752 angles 4.5204 4.04916 5.60251 6.10865 data 0.0108957 0.138039 -0.0639001
location 0 -5376 10752 angles 1.01229 3.24631 5.11381 0.750492 data -0.0641358 0.0482265 -0.0358506
location 0 -5376 10752 angles 0.139626 0.453786 3.19395 1.48353 data -0.19039 -0.0571514 -0.0125393
location -5376 -5376 10752 angles 0 0 0 0 data 0.0191514 0.0175962 -0.129766
location -5376 -5376 10752 angles 0.331613 4.60767 6.10865 3.94444 data 0.0505939 -0.109946 -0.0309386
location -5376 -5376 10752 angles 3.57792 5.25344 1.88496 3.64774 data 0.0595057 -0.0468131 0.0433454
location -5376 -5376 10752 angles 5.68977 4.83456 5.20108 3.00197 data -0.0361195 -0.17395 0.00948185
location -5376 -5376 10752 angles 4.57276 5.81195 4.95674 1.51844 data -0.0597226 -0.090659 -0.0162843
location -5376 -5376 10752 angles 4.2237 1.18682 2.14675 3.24631 data 0.0317465 -0.0294624 0.0575369
location -5376 -5376 10752 angles 3.14159 5.63741 4.2237 0.593412 data -0.0601482 0.00998061 -0.00760157
location -5376 -5376 10752 angles 4.11898 2.47837 4.13643 4.55531 data 0.0189423 0.076234 0.0449342
location -5376 -5376 10752 angles 4.50295 4.55531 2.04204 0.541052 data -0.1177 0.157852 -0.0307854
location -5376 -5376 10752 angles 3.85718 0.994838 0.331613 5.55015 data 0.174729 0.111622 -0.0827288
location -5376 -5376 10752 angles 4.79966 1.67552 1.98968 5.18363 data 0.00723868 0.167209 -0.0265986
location -5376 -5376 10752 angles 2.80998 4.69494 5.02655 3.735 data 0.105997 -0.128462 0.0419495
location -5376 -5376 10752 angles 4.2586 4.69494 2.51327 3.38594 data -0.0581471 -0.0391367 0.0710115
location -5376 -5376 10752 angles 4.31096 2.89725 0.366519 5.86431 data 0.094665 0.204878 -0.0683071
location -5376 -5376 10752 angles 5.65487 2.84489 0.890118 2.00713 data -0.0212159 0.0207497 -0.00693958
location -5376 -5376 10752 angles 4.27606 5.61996 1.06465 3.12414 data 0.0816167 -0.0869191 0.00530109
location -5376 -5376 10752 angles 2.21657 6.07375 1.0821 5.11381 data 0.145037 0.040708 -0.06248
location -5376 -5376 10752 angles 3.36849 3.42085 5.35816 4.97419 data 0.122272 0.0881834 -0.0102933
location -5376 -5376 10752 angles 4.43314 4.93928 5.18363 4.67748 data 0.0531494 -0.0195163 -0.0249249
location -5376 -5376 10752 angles 3.05433 3.85718 5.79449 2.93215 data 0.129426 -0.0924661 0.0455708
location -5376 -5376 10752 angles 1.13446 4.99164 4.90438 2.33874 data -0.0584212 -0.208682 0.02507
location -5376 -5376 10752 angles 2.47837 2.46091 0.366519 4.04916 data 0.225269 -0.000925547 0.016178
location -5376 -5376 10752 angles 1.29154 3.47321 1.53589 5.21853 data 0.0217875 0.147326 -0.0317556
location -5376 -5376 10752 angles 2.63545 1.18682 2.86234 2.75762 data -0.000402766 -0.0925736 0.0972465
location -5376 -5376 10752 angles 0.523599 1.01229 2.26893 1.22173 data -0.129975 0.0135464 -0.0107786
