location 0 0 0 angles 0 0 0 0 data -0.00866902 0.00338702 -0.148329
location 0 0 0 angles 0.0872665 0.0872665 0.0872665 0.0872665 data -0.00644938 0.00357231 -0.148003
location 0 0 0 angles 0.174533 0.174533 0.174533 0.174533 data -0.00679527 0.00386653 -0.146029
location 0 0 0 angles 0.261799 0.261799 0.261799 0.261799 data -0.00670016 0.00366791 -0.142589
location 0 0 0 angles 0.349066 0.349066 0.349066 0.349066 data -0.00713902 0.00372896 -0.137678
location 0 0 0 angles 0.436332 0.436332 0.436332 0.436332 data -0.00720369 0.00368963 -0.131638
location 0 0 0 angles 0.523599 0.523599 0.523599 0.523599 data -0.00733599 0.0036225 -0.12455
location 0 0 0 angles 0.610865 0.610865 0.610865 0.610865 data -0.00745693 0.0034484 -0.116384
location 0 0 0 angles 0.698132 0.698132 0.698132 0.698132 data -0.00758907 0.00343178 -0.107014
location 0 0 0 angles 0.785398 0.785398 0.785398 0.785398 data -0.00624419 0.00316866 -0.099163
location 0 0 0 angles 0.872665 0.872665 0.872665 0.872665 data -0.0068471 0.00309182 -0.0878098
location 0 0 0 angles 0.959931 0.959931 0.959931 0.959931 data -0.00740773 0.0033347 -0.0769226
location 0 0 0 angles 1.0472 1.0472 1.0472 1.0472 data -0.00713523 0.00329685 -0.0658056
location 0 0 0 angles 1.13446 1.13446 1.13446 1.13446 data -0.00727527 0.00314546 -0.0545281
location 0 0 0 angles 1.22173 1.22173 1.22173 1.22173 data -0.00711697 0.00316406 -0.0432732
location 0 0 0 angles 1.309 1.309 1.309 1.309 data -0.00699668 0.00308935 -0.0317382
location 0 0 0 angles 1.39626 1.39626 1.39626 1.39626 data -0.00756224 0.00260277 -0.0197244
location 0 0 0 angles 1.48353 1.48353 1.48353 1.48353 data -0.00698664 0.00215025 -0.0073294
location 0 0 0 angles 1.5708 1.5708 1.5708 1.5708 data -0.00605577 9.94453e-05 0.000120672
location -8000 0 0 angles 0 0 0 0 data -0.00298606 0.00490534 -0.155148
location -8000 0 0 angles 0.0872665 0.0872665 0.0872665 0.0872665 data -0.000968001 0.00399998 -0.155085
location -8000 0 0 angles 0.174533 0.174533 0.174533 0.174533 data -0.00134137 0.00461425 -0.152776
location -8000 0 0 angles 0.261799 0.261799 0.261799 0.261799 data -0.00156351 0.00476629 -0.149276
location -8000 0 0 angles 0.349066 0.349066 0.349066 0.349066 data -0.00210637 0.00496474 -0.144022
location -8000 0 0 angles 0.436332 0.436332 0.436332 0.436332 data -0.0024414 0.00519051 -0.137737
location -8000 0 0 angles 0.523599 0.523599 0.523599 0.523599 data -0.00291728 0.00539636 -0.13022
location -8000 0 0 angles 0.610865 0.610865 0.610865 0.610865 data -0.00339629 0.00539274 -0.121694
location -8000 0 0 angles 0.698132 0.698132 0.698132 0.698132 data -0.00395955 0.00539505 -0.107033
location -8000 0 0 angles 0.785398 0.785398 0.785398 0.785398 data -0.00360626 0.00552373 -0.102448
location -8000 0 0 angles 0.872665 0.872665 0.872665 0.872665 data -0.00412575 0.00564846 -0.0914058
location -8000 0 0 angles 0.959931 0.959931 0.959931 0.959931 data -0.00502798 0.00571855 -0.0800252
location -8000 0 0 angles 1.0472 1.0472 1.0472 1.0472 data -0.00511322 0.00557391 -0.0685851
location -8000 0 0 angles 1.13446 1.13446 1.13446 1.13446 data -0.00559223 0.00555334 -0.0566181
location -8000 0 0 angles 1.22173 1.22173 1.22173 1.22173 data -0.00603652 0.00573978 -0.0448677
location -8000 0 0 angles 1.309 1.309 1.309 1.309 data -0.00630704 0.0056213 -0.032734
location -8000 0 0 angles 1.39626 1.39626 1.39626 1.39626 data -0.00738354 0.00506035 -0.0200682
location -8000 0 0 angles 1.48353 1.48353 1.48353 1.48353 data -0.00732035 0.00461935 -0.00720599
location -8000 0 0 angles 1.5708 1.5708 1.5708 1.5708 data -0.00721109 0.0026704 0.000430523
location -8000 8000 0 angles 0 0 0 0 data -0.00977694 0.00607563 -0.158361
location -8000 8000 0 angles 0.0872665 0.0872665 0.0872665 0.0872665 data -0.00698944 0.00481319 -0.15878
location -8000 8000 0 angles 0.174533 0.174533 0.174533 0.174533 data -0.00774588 0.00498498 -0.156261
location -8000 8000 0 angles 0.261799 0.261799 0.261799 0.261799 data -0.00824859 0.00469833 -0.152653
location -8000 8000 0 angles 0.349066 0.349066 0.349066 0.349066 data -0.0089583 0.00463564 -0.147271
location -8000 8000 0 angles 0.436332 0.436332 0.436332 0.436332 data -0.00947154 0.00454481 -0.140601
location -8000 8000 0 angles 0.523599 0.523599 0.523599 0.523599 data -0.0101092 0.00458479 -0.132865
location -8000 8000 0 angles 0.610865 0.610865 0.610865 0.610865 data -0.0107318 0.00410611 -0.123922
location -8000 8000 0 angles 0.698132 0.698132 0.698132 0.698132 data -0.0139503 0.00409394 -0.116369
location -8000 8000 0 angles 0.785398 0.785398 0.785398 0.785398 data -0.0105888 0.00363138 -0.104384
location -8000 8000 0 angles 0.872665 0.872665 0.872665 0.872665 data -0.0108378 0.00344412 -0.0931029
location -8000 8000 0 angles 0.959931 0.959931 0.959931 0.959931 data -0.0113446 0.00333239 -0.081313
location -8000 8000 0 angles 1.0472 1.0472 1.0472 1.0472 data -0.0111695 0.00293977 -0.0695686
location -8000 8000 0 angles 1.13446 1.13446 1.13446 1.13446 data -0.0114753 0.00262433 -0.0574859
location -8000 8000 0 angles 1.22173 1.22173 1.22173 1.22173 data -0.0113464 0.00251951 -0.0451636
location -8000 8000 0 angles 1.309 1.309 1.309 1.309 data -0.0111771 0.00227992 -0.0330544
location -8000 8000 0 angles 1.39626 1.39626 1.39626 1.39626 data -0.0119772 0.00173492 -0.0200955
location -8000 8000 0 angles 1.48353 1.48353 1.48353 1.48353 data -0.0113851 0.0010369 -0.0068968
location -8000 8000 0 angles 1.5708 1.5708 1.5708 1.5708 data -0.0111473 -0.0013858 0.000281768
location 0 8000 0 angles 0 0 0 0 data -0.0114019 -6.69056e-06 -0.153597
location 0 8000 0 angles 0.0872665 0.0872665 0.0872665 0.0872665 data -0.00765423 -1.01461e-05 -0.153355
location 0 8000 0 angles 0.174533 0.174533 0.174533 0.174533 data -0.00790928 0.000305135 -0.15103
location 0 8000 0 angles 0.261799 0.261799 0.261799 0.261799 data -0.00794828 0.000246225 -0.147572
location 0 8000 0 angles 0.349066 0.349066 0.349066 0.349066 data -0.00807334 0.000281275 -0.142633
location 0 8000 0 angles 0.436332 0.436332 0.436332 0.436332 data -0.00805656 0.000446814 -0.136179
location 0 8000 0 angles 0.523599 0.523599 0.523599 0.523599 data -0.0082634 0.000737577 -0.128986
location 0 8000 0 angles 0.610865 0.610865 0.610865 0.610865 data -0.00834205 0.000609226 -0.120521
location 0 8000 0 angles 0.698132 0.698132 0.698132 0.698132 data -0.00691128 0.000994277 -0.112784
location 0 8000 0 angles 0.785398 0.785398 0.785398 0.785398 data -0.00733483 0.00113464 -0.101404
location 0 8000 0 angles 0.872665 0.872665 0.872665 0.872665 data -0.00745545 0.00113777 -0.0905277
location 0 8000 0 angles 0.959931 0.959931 0.959931 0.959931 data -0.00750333 0.00145321 -0.0792373
location 0 8000 0 angles 1.0472 1.0472 1.0472 1.0472 data -0.00527613 0.000951823 -0.0686499
location 0 8000 0 angles 1.13446 1.13446 1.13446 1.13446 data -0.00724055 0.0016069 -0.056464
location 0 8000 0 angles 1.22173 1.22173 1.22173 1.22173 data -0.0068759 0.00205481 -0.0445521
location 0 8000 0 angles 1.309 1.309 1.309 1.309 data -0.00672089 0.00230098 -0.0325991
location 0 8000 0 angles 1.39626 1.39626 1.39626 1.39626 data -0.00718888 0.00196003 -0.0202893
location 0 8000 0 angles 1.48353 1.48353 1.48353 1.48353 data -0.0064581 0.00184419 -0.0074696
location 0 8000 0 angles 1.5708 1.5708 1.5708 1.5708 data -0.00534211 -0.000603026 -0.000592824
location 8000 8000 0 angles 0 0 0 0 data -0.0111195 8.44711e-05 -0.154785
location 8000 8000 0 angles 0.0872665 0.0872665 0.0872665 0.0872665 data -0.00768714 0.00185949 -0.153857
location 8000 8000 0 angles 0.174533 0.174533 0.174533 0.174533 data -0.00794318 0.00235792 -0.151525
location 8000 8000 0 angles 0.261799 0.261799 0.261799 0.261799 data -0.00818754 0.00245566 -0.148194
location 8000 8000 0 angles 0.349066 0.349066 0.349066 0.349066 data -0.00829516 0.00252362 -0.143068
location 8000 8000 0 angles 0.436332 0.436332 0.436332 0.436332 data -0.00851878 0.00285717 -0.136598
location 8000 8000 0 angles 0.523599 0.523599 0.523599 0.523599 data -0.00880247 0.00307734 -0.129437
location 8000 8000 0 angles 0.610865 0.610865 0.610865 0.610865 data -0.00901573 0.0032149 -0.120977
location 8000 8000 0 angles 0.698132 0.698132 0.698132 0.698132 data -0.00785317 0.0035598 -0.113033
location 8000 8000 0 angles 0.785398 0.785398 0.785398 0.785398 data -0.00842565 0.00370214 -0.101735
location 8000 8000 0 angles 0.872665 0.872665 0.872665 0.872665 data -0.00851385 0.00380877 -0.0907721
location 8000 8000 0 angles 0.959931 0.959931 0.959931 0.959931 data -0.00859843 0.0039934 -0.0796856
location 8000 8000 0 angles 1.0472 1.0472 1.0472 1.0472 data -0.00812221 0.00331544 -0.0701284
location 8000 8000 0 angles 1.13446 1.13446 1.13446 1.13446 data -0.00823263 0.00417177 -0.0570531
location 8000 8000 0 angles 1.22173 1.22173 1.22173 1.22173 data -0.00832873 0.00454201 -0.0449263
location 8000 8000 0 angles 1.309 1.309 1.309 1.309 data -0.00805952 0.00464617 -0.0329968
location 8000 8000 0 angles 1.39626 1.39626 1.39626 1.39626 data -0.00832774 0.00427823 -0.0207027
location 8000 8000 0 angles 1.48353 1.48353 1.48353 1.48353 data -0.00764386 0.00404441 -0.00754135
location 8000 8000 0 angles 1.5708 1.5708 1.5708 1.5708 data -0.00584136 0.00160476 -0.000391412
location 8000 0 0 angles 0 0 0 0 data -0.012859 0.00286144 -0.149631
location 8000 0 0 angles 0.0872665 0.0872665 0.0872665 0.0872665 data -0.0106823 0.00418115 -0.148907
location 8000 0 0 angles 0.174533 0.174533 0.174533 0.174533 data -0.0110828 0.00411977 -0.146903
location 8000 0 0 angles 0.261799 0.261799 0.261799 0.261799 data -0.0112874 0.0038838 -0.143666
location 8000 0 0 angles 0.349066 0.349066 0.349066 0.349066 data -0.0113431 0.00372913 -0.138779
location 8000 0 0 angles 0.436332 0.436332 0.436332 0.436332 data -0.011639 0.00355289 -0.132711
location 8000 0 0 angles 0.523599 0.523599 0.523599 0.523599 data -0.0115974 0.00349447 -0.125721
location 8000 0 0 angles 0.610865 0.610865 0.610865 0.610865 data -0.0116232 0.00326328 -0.117473
location 8000 0 0 angles 0.698132 0.698132 0.698132 0.698132 data -0.0105464 0.00329175 -0.110435
location 8000 0 0 angles 0.785398 0.785398 0.785398 0.785398 data -0.0106841 0.00301678 -0.0991282
location 8000 0 0 angles 0.872665 0.872665 0.872665 0.872665 data -0.0105171 0.00278328 -0.0884455
location 8000 0 0 angles 0.959931 0.959931 0.959931 0.959931 data -0.0105599 0.00265674 -0.0776364
location 8000 0 0 angles 1.0472 1.0472 1.0472 1.0472 data -0.0101378 0.00252987 -0.066604
location 8000 0 0 angles 1.13446 1.13446 1.13446 1.13446 data -0.0097697 0.0024912 -0.0553706
location 8000 0 0 angles 1.22173 1.22173 1.22173 1.22173 data -0.00960367 0.00239511 -0.0439288
location 8000 0 0 angles 1.309 1.309 1.309 1.309 data -0.00886483 0.00227416 -0.0323857
location 8000 0 0 angles 1.39626 1.39626 1.39626 1.39626 data -0.00914671 0.00175615 -0.0204787
location 8000 0 0 angles 1.48353 1.48353 1.48353 1.48353 data -0.00809786 0.00144795 -0.00791521
location 8000 0 0 angles 1.5708 1.5708 1.5708 1.5708 data -0.00620798 -0.000330857 -0.000281821
location 8000 -8000 0 angles 0 0 0 0 data -0.0122487 0.00558165 -0.151326
location 8000 -8000 0 angles 0.0872665 0.0872665 0.0872665 0.0872665 data -0.0112879 0.00641263 -0.150854
location 8000 -8000 0 angles 0.174533 0.174533 0.174533 0.174533 data -0.0113496 0.00660417 -0.148999
location 8000 -8000 0 angles 0.261799 0.261799 0.261799 0.261799 data -0.0113114 0.00621468 -0.145394
location 8000 -8000 0 angles 0.349066 0.349066 0.349066 0.349066 data -0.0113792 0.00598282 -0.140407
location 8000 -8000 0 angles 0.436332 0.436332 0.436332 0.436332 data -0.0115562 0.00560238 -0.134418
location 8000 -8000 0 angles 0.523599 0.523599 0.523599 0.523599 data -0.0112939 0.00540558 -0.127236
location 8000 -8000 0 angles 0.610865 0.610865 0.610865 0.610865 data -0.0113206 0.0050202 -0.118775
location 8000 -8000 0 angles 0.698132 0.698132 0.698132 0.698132 data -0.00983289 0.00520696 -0.110938
location 8000 -8000 0 angles 0.785398 0.785398 0.785398 0.785398 data -0.0113994 0.00437203 -0.10157
location 8000 -8000 0 angles 0.872665 0.872665 0.872665 0.872665 data -0.0102178 0.00411582 -0.0898591
location 8000 -8000 0 angles 0.959931 0.959931 0.959931 0.959931 data -0.0098816 0.00391688 -0.0787224
location 8000 -8000 0 angles 1.0472 1.0472 1.0472 1.0472 data -0.00956105 0.0036118 -0.0675306
location 8000 -8000 0 angles 1.13446 1.13446 1.13446 1.13446 data -0.00918077 0.00331594 -0.0560387
location 8000 -8000 0 angles 1.22173 1.22173 1.22173 1.22173 data -0.00875146 0.00323382 -0.0447386
location 8000 -8000 0 angles 1.309 1.309 1.309 1.309 data -0.00797708 0.00299309 -0.0329912
location 8000 -8000 0 angles 1.39626 1.39626 1.39626 1.39626 data -0.00828035 0.00219452 -0.0207698
location 8000 -8000 0 angles 1.48353 1.48353 1.48353 1.48353 data -0.0073373 0.00181226 -0.0078744
location 8000 -8000 0 angles 1.5708 1.5708 1.5708 1.5708 data -0.00542472 0.00063358 5.76491e-05
location 0 -8000 0 angles 0 0 0 0 data -0.00927868 0.00661898 -0.150317
location 0 -8000 0 angles 0.0872665 0.0872665 0.0872665 0.0872665 data -0.00819856 0.00643584 -0.149943
location 0 -8000 0 angles 0.174533 0.174533 0.174533 0.174533 data -0.0083024 0.00643847 -0.147776
location 0 -8000 0 angles 0.261799 0.261799 0.261799 0.261799 data -0.00822687 0.00598134 -0.144238
location 0 -8000 0 angles 0.349066 0.349066 0.349066 0.349066 data -0.00824398 0.0058061 -0.139447
location 0 -8000 0 angles 0.436332 0.436332 0.436332 0.436332 data -0.00818886 0.00524843 -0.133226
location 0 -8000 0 angles 0.523599 0.523599 0.523599 0.523599 data -0.0081515 0.00497709 -0.126099
location 0 -8000 0 angles 0.610865 0.610865 0.610865 0.610865 data -0.00833185 0.00452062 -0.117703
location 0 -8000 0 angles 0.698132 0.698132 0.698132 0.698132 data -0.00724367 0.00470738 -0.11075
location 0 -8000 0 angles 0.785398 0.785398 0.785398 0.785398 data -0.00735293 0.00399981 -0.0993656
location 0 -8000 0 angles 0.872665 0.872665 0.872665 0.872665 data -0.00723117 0.00353117 -0.0886497
location 0 -8000 0 angles 0.959931 0.959931 0.959931 0.959931 data -0.00747964 0.00345383 -0.0778564
location 0 -8000 0 angles 1.0472 1.0472 1.0472 1.0472 data -0.00695538 0.0029271 -0.0667939
location 0 -8000 0 angles 1.13446 1.13446 1.13446 1.13446 data -0.00706003 0.00268307 -0.0551231
location 0 -8000 0 angles 1.22173 1.22173 1.22173 1.22173 data -0.00685434 0.00232501 -0.043912
location 0 -8000 0 angles 1.309 1.309 1.309 1.309 data -0.00647505 0.00200594 -0.0322577
location 0 -8000 0 angles 1.39626 1.39626 1.39626 1.39626 data -0.00691358 0.0013734 -0.0201554
location 0 -8000 0 angles 1.48353 1.48353 1.48353 1.48353 data -0.00623497 0.000744981 -0.00732628
location 0 -8000 0 angles 1.5708 1.5708 1.5708 1.5708 data -0.00527382 -0.000357021 0.000257908
location -8000 -8000 0 angles 0 0 0 0 data -0.00480518 0.0031193 -0.156425
location -8000 -8000 0 angles 0.0872665 0.0872665 0.0872665 0.0872665 data -0.00313169 0.00198702 -0.15618
location -8000 -8000 0 angles 0.174533 0.174533 0.174533 0.174533 data -0.00278844 0.0020196 -0.154039
location -8000 -8000 0 angles 0.261799 0.261799 0.261799 0.261799 data -0.00255889 0.00191856 -0.15049
location -8000 -8000 0 angles 0.349066 0.349066 0.349066 0.349066 data -0.00224295 0.00180585 -0.145483
location -8000 -8000 0 angles 0.436332 0.436332 0.436332 0.436332 data -0.00228425 0.00168128 -0.139007
location -8000 -8000 0 angles 0.523599 0.523599 0.523599 0.523599 data -0.00185905 0.00166515 -0.131553
location -8000 -8000 0 angles 0.610865 0.610865 0.610865 0.610865 data -0.00196749 0.00171962 -0.12282
location -8000 -8000 0 angles 0.698132 0.698132 0.698132 0.698132 data -0.00080345 0.00197023 -0.115756
location -8000 -8000 0 angles 0.785398 0.785398 0.785398 0.785398 data -0.00109866 0.00180897 -0.103956
location -8000 -8000 0 angles 0.872665 0.872665 0.872665 0.872665 data -0.00111412 0.0017086 -0.0929736
location -8000 -8000 0 angles 0.959931 0.959931 0.959931 0.959931 data -0.00140489 0.00193288 -0.0813347
location -8000 -8000 0 angles 1.0472 1.0472 1.0472 1.0472 data 0.00177244 0.00173525 -0.070588
location -8000 -8000 0 angles 1.13446 1.13446 1.13446 1.13446 data -0.00129316 0.00198175 -0.0582331
location -8000 -8000 0 angles 1.22173 1.22173 1.22173 1.22173 data -0.00137477 0.00214927 -0.0462623
location -8000 -8000 0 angles 1.309 1.309 1.309 1.309 data -0.00149374 0.00210418 -0.0341373
location -8000 -8000 0 angles 1.39626 1.39626 1.39626 1.39626 data -0.00222633 0.00183958 -0.0213048
location -8000 -8000 0 angles 1.48353 1.48353 1.48353 1.48353 data -0.00198806 0.00166005 -0.00819922
location -8000 -8000 0 angles 1.5708 1.5708 1.5708 1.5708 data -0.00171326 0.000524153 -0.000246442
location -8000 -8000 8000 angles 0 0 0 0 data 0.00865185 0.00965759 -0.144222
location -8000 -8000 8000 angles 0.0872665 0.0872665 0.0872665 0.0872665 data 0.0107101 0.00809007 -0.143785
location -8000 -8000 8000 angles 0.174533 0.174533 0.174533 0.174533 data 0.0110314 0.00803363 -0.141887
location -8000 -8000 8000 angles 0.261799 0.261799 0.261799 0.261799 data 0.0114175 0.00776031 -0.138641
location -8000 -8000 8000 angles 0.349066 0.349066 0.349066 0.349066 data 0.011247 0.00747893 -0.134104
location -8000 -8000 8000 angles 0.436332 0.436332 0.436332 0.436332 data 0.0110523 0.00705537 -0.128151
location -8000 -8000 8000 angles 0.523599 0.523599 0.523599 0.523599 data 0.0107923 0.00671261 -0.12138
location -8000 -8000 8000 angles 0.610865 0.610865 0.610865 0.610865 data 0.0101865 0.00642267 -0.113497
location -8000 -8000 8000 angles 0.698132 0.698132 0.698132 0.698132 data 0.0111537 0.00646183 -0.106734
location -8000 -8000 8000 angles 0.785398 0.785398 0.785398 0.785398 data 0.00920639 0.00562443 -0.0973373
location -8000 -8000 8000 angles 0.872665 0.872665 0.872665 0.872665 data 0.00881229 0.00531063 -0.0862699
location -8000 -8000 8000 angles 0.959931 0.959931 0.959931 0.959931 data 0.00749604 0.00505623 -0.0753659
location -8000 -8000 8000 angles 1.0472 1.0472 1.0472 1.0472 data 0.00674486 0.00450959 -0.0647257
location -8000 -8000 8000 angles 1.13446 1.13446 1.13446 1.13446 data 0.00564714 0.00419678 -0.0535798
location -8000 -8000 8000 angles 1.22173 1.22173 1.22173 1.22173 data 0.00465489 0.00389746 -0.0428278
location -8000 -8000 8000 angles 1.309 1.309 1.309 1.309 data 0.0033811 0.00365853 -0.0317234
location -8000 -8000 8000 angles 1.39626 1.39626 1.39626 1.39626 data 0.00147608 0.00265312 -0.0199456
location -8000 -8000 8000 angles 1.48353 1.48353 1.48353 1.48353 data 0.000543735 0.00168934 -0.00772663
location -8000 -8000 8000 angles 1.5708 1.5708 1.5708 1.5708 data 0.000100597 0.000121002 -0.000497054
location -8000 0 8000 angles 0 0 0 0 data 0.012008 0.00550809 -0.142406
location -8000 0 8000 angles 0.0872665 0.0872665 0.0872665 0.0872665 data 0.0141912 0.00440905 -0.142351
location -8000 0 8000 angles 0.174533 0.174533 0.174533 0.174533 data 0.0136527 0.00513078 -0.140268
location -8000 0 8000 angles 0.261799 0.261799 0.261799 0.261799 data 0.013138 0.00545132 -0.136931
location -8000 0 8000 angles 0.349066 0.349066 0.349066 0.349066 data 0.0121282 0.0055935 -0.132095
location -8000 0 8000 angles 0.436332 0.436332 0.436332 0.436332 data 0.0110193 0.00589495 -0.126234
location -8000 0 8000 angles 0.523599 0.523599 0.523599 0.523599 data 0.00963604 0.00641 -0.119527
location -8000 0 8000 angles 0.610865 0.610865 0.610865 0.610865 data 0.00816577 0.00646216 -0.111295
location -8000 0 8000 angles 0.698132 0.698132 0.698132 0.698132 data 0.00787994 0.00687568 -0.104847
location -8000 0 8000 angles 0.785398 0.785398 0.785398 0.785398 data 0.00591437 0.00679209 -0.0938569
location -8000 0 8000 angles 0.872665 0.872665 0.872665 0.872665 data 0.072671 0.0029401 -0.0848916
location -8000 0 8000 angles 0.959931 0.959931 0.959931 0.959931 data 0.00186245 0.0072688 -0.0735527
location -8000 0 8000 angles 1.0472 1.0472 1.0472 1.0472 data 0.000639504 0.00716134 -0.0627116
location -8000 0 8000 angles 1.13446 1.13446 1.13446 1.13446 data -0.00106986 0.00703974 -0.0518186
location -8000 0 8000 angles 1.22173 1.22173 1.22173 1.22173 data -0.00245637 0.00711017 -0.0407758
location -8000 0 8000 angles 1.309 1.309 1.309 1.309 data -0.00393158 0.00700354 -0.029952
location -8000 0 8000 angles 1.39626 1.39626 1.39626 1.39626 data -0.00656621 0.00648388 -0.0181697
location -8000 0 8000 angles 1.48353 1.48353 1.48353 1.48353 data -0.00762263 0.00593576 -0.00638603
location -8000 0 8000 angles 1.5708 1.5708 1.5708 1.5708 data -0.00853277 0.00383625 0.000571379
location -8000 8000 8000 angles 0 0 0 0 data 0.00227005 1.07519e-05 -0.146783
location -8000 8000 8000 angles 0.0872665 0.0872665 0.0872665 0.0872665 data 0.00513423 -0.00174682 -0.14729
location -8000 8000 8000 angles 0.174533 0.174533 0.174533 0.174533 data 0.0039799 -0.00151069 -0.145076
location -8000 8000 8000 angles 0.261799 0.261799 0.261799 0.261799 data 0.00311123 -0.00136934 -0.141524
location -8000 8000 8000 angles 0.349066 0.349066 0.349066 0.349066 data 0.00167371 -0.00129776 -0.136419
location -8000 8000 8000 angles 0.436332 0.436332 0.436332 0.436332 data 0.000228125 -0.00127621 -0.130283
location -8000 8000 8000 angles 0.523599 0.523599 0.523599 0.523599 data -0.00113469 -0.00114127 -0.123201
location -8000 8000 8000 angles 0.610865 0.610865 0.610865 0.610865 data -0.129501 -0.0787305 -0.0505148
location -8000 8000 8000 angles 0.698132 0.698132 0.698132 0.698132 data -0.00344039 -0.00107677 -0.101444
location -8000 8000 8000 angles 0.785398 0.785398 0.785398 0.785398 data -0.00517016 -0.00085841 -0.0963275
location -8000 8000 8000 angles 0.872665 0.872665 0.872665 0.872665 data -0.00634127 -0.000610266 -0.0878328
location -8000 8000 8000 angles 0.959931 0.959931 0.959931 0.959931 data -0.00758446 -0.000566495 -0.075721
location -8000 8000 8000 angles 1.0472 1.0472 1.0472 1.0472 data -0.00826866 -0.000364755 -0.0644013
location -8000 8000 8000 angles 1.13446 1.13446 1.13446 1.13446 data -0.00961404 -0.000218469 -0.0529405
location -8000 8000 8000 angles 1.22173 1.22173 1.22173 1.22173 data -0.0102884 0.000175304 -0.0416549
location -8000 8000 8000 angles 1.309 1.309 1.309 1.309 data -0.0112408 0.000250997 -0.0302554
location -8000 8000 8000 angles 1.39626 1.39626 1.39626 1.39626 data -0.013247 4.90925e-05 -0.0181766
location -8000 8000 8000 angles 1.48353 1.48353 1.48353 1.48353 data -0.0136217 -6.526e-06 -0.00609708
location -8000 8000 8000 angles 1.5708 1.5708 1.5708 1.5708 data -0.0141488 -0.00279239 0.000419334
location 0 8000 8000 angles 0 0 0 0 data -0.00764666 -0.010009 -0.140362
location 0 8000 8000 angles 0.0872665 0.0872665 0.0872665 0.0872665 data -0.00323816 -0.00980196 -0.140231
location 0 8000 8000 angles 0.174533 0.174533 0.174533 0.174533 data -0.00352201 -0.00936096 -0.138221
location 0 8000 8000 angles 0.261799 0.261799 0.261799 0.261799 data -0.00358865 -0.00916613 -0.13496
location 0 8000 8000 angles 0.349066 0.349066 0.349066 0.349066 data -0.00394293 -0.00881284 -0.130404
location 0 8000 8000 angles 0.436332 0.436332 0.436332 0.436332 data -0.00438278 -0.00830618 -0.124546
location 0 8000 8000 angles 0.523599 0.523599 0.523599 0.523599 data -0.00443856 -0.00770359 -0.117697
location 0 8000 8000 angles 0.610865 0.610865 0.610865 0.610865 data -0.0362609 -0.049258 -0.0504406
location 0 8000 8000 angles 0.698132 0.698132 0.698132 0.698132 data -0.00442918 -0.00634423 -0.101711
location 0 8000 8000 angles 0.785398 0.785398 0.785398 0.785398 data -0.00502041 -0.00566052 -0.0925497
location 0 8000 8000 angles 0.872665 0.872665 0.872665 0.872665 data -0.00528518 -0.00469707 -0.0846858
location 0 8000 8000 angles 0.959931 0.959931 0.959931 0.959931 data -0.00552806 -0.00375452 -0.0730905
location 0 8000 8000 angles 1.0472 1.0472 1.0472 1.0472 data -0.00526444 -0.00267506 -0.0623051
location 0 8000 8000 angles 1.13446 1.13446 1.13446 1.13446 data -0.00558894 -0.00194248 -0.0514378
location 0 8000 8000 angles 1.22173 1.22173 1.22173 1.22173 data -0.00561165 -0.000586735 -0.040675
location 0 8000 8000 angles 1.309 1.309 1.309 1.309 data -0.00557989 0.000289338 -0.02983
location 0 8000 8000 angles 1.39626 1.39626 1.39626 1.39626 data -0.0066424 0.000770158 -0.0184873
location 0 8000 8000 angles 1.48353 1.48353 1.48353 1.48353 data -0.00616125 0.00125838 -0.0070207
location 0 8000 8000 angles 1.5708 1.5708 1.5708 1.5708 data -0.0052572 -0.00133462 -0.000806247
location 8000 8000 8000 angles 0 0 0 0 data -0.0138498 -0.00983602 -0.141903
location 8000 8000 8000 angles 0.0872665 0.0872665 0.0872665 0.0872665 data -0.00974584 -0.00751781 -0.140782
location 8000 8000 8000 angles 0.174533 0.174533 0.174533 0.174533 data -0.0101115 -0.00683871 -0.138691
location 8000 8000 8000 angles 0.261799 0.261799 0.261799 0.261799 data -0.0103308 -0.00623184 -0.135409
location 8000 8000 8000 angles 0.349066 0.349066 0.349066 0.349066 data -0.0105849 -0.00560062 -0.130929
location 8000 8000 8000 angles 0.436332 0.436332 0.436332 0.436332 data -0.0108154 -0.00500676 -0.125176
location 8000 8000 8000 angles 0.523599 0.523599 0.523599 0.523599 data -0.0107909 -0.00408527 -0.118429
location 8000 8000 8000 angles 0.610865 0.610865 0.610865 0.610865 data -0.113519 -0.0111702 -0.101815
location 8000 8000 8000 angles 0.698132 0.698132 0.698132 0.698132 data -0.0104812 -0.00245143 -0.101463
location 8000 8000 8000 angles 0.785398 0.785398 0.785398 0.785398 data -0.0106596 -0.00139748 -0.0928996
location 8000 8000 8000 angles 0.872665 0.872665 0.872665 0.872665 data -0.00909652 -0.00040688 -0.0839601
location 8000 8000 8000 angles 0.959931 0.959931 0.959931 0.959931 data -0.0103083 -0.000330857 -0.0745185
location 8000 8000 8000 angles 1.0472 1.0472 1.0472 1.0472 data -0.0100457 0.00140154 -0.0626648
location 8000 8000 8000 angles 1.13446 1.13446 1.13446 1.13446 data -0.00988785 0.0020841 -0.0515736
location 8000 8000 8000 angles 1.22173 1.22173 1.22173 1.22173 data -0.00974848 0.00330063 -0.0407796
location 8000 8000 8000 angles 1.309 1.309 1.309 1.309 data -0.0091602 0.00408472 -0.029784
location 8000 8000 8000 angles 1.39626 1.39626 1.39626 1.39626 data -0.00961585 0.00447553 -0.0186504
location 8000 8000 8000 angles 1.48353 1.48353 1.48353 1.48353 data -0.00836081 0.00486618 -0.00677569
location 8000 8000 8000 angles 1.5708 1.5708 1.5708 1.5708 data -0.00597086 0.00230987 -0.000422348
location 8000 0 8000 angles 0 0 0 0 data -0.0174455 0.00162385 -0.134918
location 8000 0 8000 angles 0.0872665 0.0872665 0.0872665 0.0872665 data -0.0152491 0.00293335 -0.134211
location 8000 0 8000 angles 0.174533 0.174533 0.174533 0.174533 data -0.0155853 0.00320124 -0.132432
location 8000 0 8000 angles 0.261799 0.261799 0.261799 0.261799 data -0.0155695 0.00285174 -0.12931
location 8000 0 8000 angles 0.349066 0.349066 0.349066 0.349066 data -0.0156993 0.0025794 -0.125055
location 8000 0 8000 angles 0.436332 0.436332 0.436332 0.436332 data -0.01579 0.00256871 -0.11962
location 8000 0 8000 angles 0.523599 0.523599 0.523599 0.523599 data -0.0157229 0.00251424 -0.11307
location 8000 0 8000 angles 0.610865 0.610865 0.610865 0.610865 data -0.0157426 0.00228008 -0.105655
location 8000 0 8000 angles 0.698132 0.698132 0.698132 0.698132 data -0.0138274 0.00207653 -0.0982717
location 8000 0 8000 angles 0.785398 0.785398 0.785398 0.785398 data -0.0155751 0.00258302 -0.0896371
location 8000 0 8000 angles 0.872665 0.872665 0.872665 0.872665 data -0.0140945 0.00194999 -0.0799044
location 8000 0 8000 angles 0.959931 0.959931 0.959931 0.959931 data -0.0138256 0.00211224 -0.0700604
location 8000 0 8000 angles 1.0472 1.0472 1.0472 1.0472 data -0.0130718 0.00199541 -0.0600037
location 8000 0 8000 angles 1.13446 1.13446 1.13446 1.13446 data -0.0124216 0.00182641 -0.0497798
location 8000 0 8000 angles 1.22173 1.22173 1.22173 1.22173 data -0.0116731 0.00209792 -0.0396399
location 8000 0 8000 angles 1.309 1.309 1.309 1.309 data -0.0106555 0.00196036 -0.0291909
location 8000 0 8000 angles 1.39626 1.39626 1.39626 1.39626 data -0.0109137 0.00152907 -0.0185732
location 8000 0 8000 angles 1.48353 1.48353 1.48353 1.48353 data -0.00914869 0.00106421 -0.00703699
location 8000 0 8000 angles 1.5708 1.5708 1.5708 1.5708 data -0.00655914 -0.0010822 -0.000356198
location 8000 -8000 8000 angles 0 0 0 0 data -0.0169743 0.0125228 -0.137381
location 8000 -8000 8000 angles 0.0872665 0.0872665 0.0872665 0.0872665 data -0.0159065 0.013618 -0.136948
location 8000 -8000 8000 angles 0.174533 0.174533 0.174533 0.174533 data -0.0162407 0.0135836 -0.135075
location 8000 -8000 8000 angles 0.261799 0.261799 0.261799 0.261799 data -0.0160237 0.013215 -0.131973
location 8000 -8000 8000 angles 0.349066 0.349066 0.349066 0.349066 data -0.0158139 0.0125591 -0.127345
location 8000 -8000 8000 angles 0.436332 0.436332 0.436332 0.436332 data -0.0158127 0.0119105 -0.121882
location 8000 -8000 8000 angles 0.523599 0.523599 0.523599 0.523599 data -0.0154642 0.0115017 -0.115325
location 8000 -8000 8000 angles 0.610865 0.610865 0.610865 0.610865 data -0.0155483 0.0238281 -0.0628335
location 8000 -8000 8000 angles 0.698132 0.698132 0.698132 0.698132 data -0.0143279 0.0102789 -0.0996022
location 8000 -8000 8000 angles 0.785398 0.785398 0.785398 0.785398 data -0.0152386 0.00968557 -0.091247
location 8000 -8000 8000 angles 0.872665 0.872665 0.872665 0.872665 data -0.0131004 0.00900004 -0.082466
location 8000 -8000 8000 angles 0.959931 0.959931 0.959931 0.959931 data -0.0127356 0.00813927 -0.0716984
location 8000 -8000 8000 angles 1.0472 1.0472 1.0472 1.0472 data -0.0121425 0.00722289 -0.061249
location 8000 -8000 8000 angles 1.13446 1.13446 1.13446 1.13446 data -0.0114208 0.00619329 -0.0507728
location 8000 -8000 8000 angles 1.22173 1.22173 1.22173 1.22173 data -0.0105726 0.00567215 -0.0404892
location 8000 -8000 8000 angles 1.309 1.309 1.309 1.309 data -0.00948717 0.00478472 -0.0299342
location 8000 -8000 8000 angles 1.39626 1.39626 1.39626 1.39626 data -0.00957932 0.00330771 -0.018799
location 8000 -8000 8000 angles 1.48353 1.48353 1.48353 1.48353 data -0.00781368 0.00240267 -0.00713375
location 8000 -8000 8000 angles 1.5708 1.5708 1.5708 1.5708 data -0.00551292 0.000665832 -5.2765e-05
location 0 -8000 8000 angles 0 0 0 0 data -0.00587872 0.0148336 -0.135789
location 0 -8000 8000 angles 0.0872665 0.0872665 0.0872665 0.0872665 data -0.00457201 0.0144767 -0.135595
location 0 -8000 8000 angles 0.174533 0.174533 0.174533 0.174533 data -0.00491823 0.0142404 -0.133547
location 0 -8000 8000 angles 0.261799 0.261799 0.261799 0.261799 data -0.00480205 0.0136503 -0.130449
location 0 -8000 8000 angles 0.349066 0.349066 0.349066 0.349066 data -0.00491263 0.0129835 -0.125909
location 0 -8000 8000 angles 0.436332 0.436332 0.436332 0.436332 data -0.00536038 0.0123681 -0.120505
location 0 -8000 8000 angles 0.523599 0.523599 0.523599 0.523599 data -0.00538309 0.0116913 -0.113992
location 0 -8000 8000 angles 0.610865 0.610865 0.610865 0.610865 data -0.00567089 0.0114264 -0.0752283
location 0 -8000 8000 angles 0.698132 0.698132 0.698132 0.698132 data -0.00525803 0.00998719 -0.0983571
location 0 -8000 8000 angles 0.785398 0.785398 0.785398 0.785398 data -0.00651142 0.00912066 -0.0898899
location 0 -8000 8000 angles 0.872665 0.872665 0.872665 0.872665 data -0.00443708 0.00903542 -0.0815554
location 0 -8000 8000 angles 0.959931 0.959931 0.959931 0.959931 data -0.0062738 0.00716661 -0.0713367
location 0 -8000 8000 angles 1.0472 1.0472 1.0472 1.0472 data -0.00584597 0.00624989 -0.0604542
location 0 -8000 8000 angles 1.13446 1.13446 1.13446 1.13446 data -0.00610382 0.00507006 -0.0499045
location 0 -8000 8000 angles 1.22173 1.22173 1.22173 1.22173 data -0.00605676 0.00437022 -0.0396243
location 0 -8000 8000 angles 1.309 1.309 1.309 1.309 data -0.00597926 0.0034484 -0.0292339
location 0 -8000 8000 angles 1.39626 1.39626 1.39626 1.39626 data -0.00691852 0.00178116 -0.0180817
location 0 -8000 8000 angles 1.48353 1.48353 1.48353 1.48353 data -0.00620683 0.000682945 -0.00661048
location 0 -8000 8000 angles 1.5708 1.5708 1.5708 1.5708 data -0.00530871 -0.0012535 0.000231416
location 0 0 8000 angles 0 0 0 0 data -0.00460723 0.00299917 -0.133348
location 0 0 8000 angles 0.0872665 0.0872665 0.0872665 0.0872665 data -0.00203907 0.00290439 -0.132902
location 0 0 8000 angles 0.174533 0.174533 0.174533 0.174533 data -0.00227207 0.00325209 -0.131053
location 0 0 8000 angles 0.261799 0.261799 0.261799 0.261799 data -0.00258752 0.00329668 -0.127892
location 0 0 8000 angles 0.349066 0.349066 0.349066 0.349066 data -0.00294361 0.00319927 -0.1235
location 0 0 8000 angles 0.436332 0.436332 0.436332 0.436332 data -0.00333623 0.00305775 -0.118159
location 0 0 8000 angles 0.523599 0.523599 0.523599 0.523599 data -0.0038205 0.00321951 -0.111674
location 0 0 8000 angles 0.610865 0.610865 0.610865 0.610865 data -0.139436 0.0143309 -0.0989511
location 0 0 8000 angles 0.698132 0.698132 0.698132 0.698132 data -0.00407671 0.00304179 -0.0810668
location 0 0 8000 angles 0.785398 0.785398 0.785398 0.785398 data -0.00474463 0.00320141 -0.0877565
location 0 0 8000 angles 0.872665 0.872665 0.872665 0.872665 data -0.00401073 0.00379001 -0.0797731
location 0 0 8000 angles 0.959931 0.959931 0.959931 0.959931 data -0.00553464 0.00273375 -0.0700196
location 0 0 8000 angles 1.0472 1.0472 1.0472 1.0472 data -0.00571087 0.00311732 -0.0592436
location 0 0 8000 angles 1.13446 1.13446 1.13446 1.13446 data -0.0061448 0.00297416 -0.048778
location 0 0 8000 angles 1.22173 1.22173 1.22173 1.22173 data -0.00628828 0.00319614 -0.0387316
location 0 0 8000 angles 1.309 1.309 1.309 1.309 data -0.00654482 0.00309034 -0.0283937
location 0 0 8000 angles 1.39626 1.39626 1.39626 1.39626 data -0.00763333 0.0025358 -0.0177235
location 0 0 8000 angles 1.48353 1.48353 1.48353 1.48353 data -0.00740082 0.00215716 -0.00651652
location 0 0 8000 angles 1.5708 1.5708 1.5708 1.5708 data -0.00640232 0.000114419 -0.000277543
location 0 0 16000 angles 0 0 0 0 data 0.00115406 0.00152035 -0.0992407
location 0 0 16000 angles 0.0872665 0.0872665 0.0872665 0.0872665 data 0.0042162 0.00156807 -0.0989987
location 0 0 16000 angles 0.174533 0.174533 0.174533 0.174533 data 0.00370987 0.00185784 -0.0975636
location 0 0 16000 angles 0.261799 0.261799 0.261799 0.261799 data 0.00339953 0.00171436 -0.0952355
location 0 0 16000 angles 0.349066 0.349066 0.349066 0.349066 data 0.00258993 0.00187101 -0.0918755
location 0 0 16000 angles 0.436332 0.436332 0.436332 0.436332 data 0.00199228 0.00179202 -0.0878213
location 0 0 16000 angles 0.523599 0.523599 0.523599 0.523599 data 0.0012931 0.00210138 -0.0829914
location 0 0 16000 angles 0.610865 0.610865 0.610865 0.610865 data -0.00810362 2.52429e-06 -0.023631
location 0 0 16000 angles 0.698132 0.698132 0.698132 0.698132 data 0.000237175 0.00232616 -0.0639743
location 0 0 16000 angles 0.785398 0.785398 0.785398 0.785398 data -0.00112959 0.00239362 -0.0653194
location 0 0 16000 angles 0.872665 0.872665 0.872665 0.872665 data -0.000433208 0.00305578 -0.0589547
location 0 0 16000 angles 0.959931 0.959931 0.959931 0.959931 data -0.002511 0.00203589 -0.0520843
location 0 0 16000 angles 1.0472 1.0472 1.0472 1.0472 data -0.00339761 0.00263338 -0.0441182
location 0 0 16000 angles 1.13446 1.13446 1.13446 1.13446 data -0.00444531 0.0027823 -0.0363171
location 0 0 16000 angles 1.22173 1.22173 1.22173 1.22173 data -0.00516654 0.00312818 -0.0286383
location 0 0 16000 angles 1.309 1.309 1.309 1.309 data -0.00575645 0.00319795 -0.0211463
location 0 0 16000 angles 1.39626 1.39626 1.39626 1.39626 data -0.00760272 0.002572 -0.0129918
location 0 0 16000 angles 1.48353 1.48353 1.48353 1.48353 data -0.00760618 0.0023854 -0.00482246
location 0 0 16000 angles 1.5708 1.5708 1.5708 1.5708 data -0.00687491 -0.000249404 -8.56753e-05
location -8000 0 16000 angles 0 0 0 0 data 0.0317957 0.00606181 -0.109568
location -8000 0 16000 angles 0.0872665 0.0872665 0.0872665 0.0872665 data 0.0342108 0.00480151 -0.109721
location -8000 0 16000 angles 0.174533 0.174533 0.174533 0.174533 data 0.0331034 0.00558543 -0.107993
location -8000 0 16000 angles 0.261799 0.261799 0.261799 0.261799 data 0.032034 0.00590433 -0.105221
location -8000 0 16000 angles 0.349066 0.349066 0.349066 0.349066 data 0.030305 0.00646151 -0.101689
location -8000 0 16000 angles 0.436332 0.436332 0.436332 0.436332 data 0.028283 0.006903 -0.0968789
location -8000 0 16000 angles 0.523599 0.523599 0.523599 0.523599 data 0.0259344 0.00756367 -0.0916496
location -8000 0 16000 angles 0.610865 0.610865 0.610865 0.610865 data -0.0657643 0.0156738 -0.0867103
location -8000 0 16000 angles 0.698132 0.698132 0.698132 0.698132 data 0.020372 0.00863688 -0.0796668
location -8000 0 16000 angles 0.785398 0.785398 0.785398 0.785398 data 0.0174545 0.00864181 -0.0717756
location -8000 0 16000 angles 0.872665 0.872665 0.872665 0.872665 data 0.0147898 0.00858702 -0.0639709
location -8000 0 16000 angles 0.959931 0.959931 0.959931 0.959931 data 0.0129167 0.00920211 -0.0564918
location -8000 0 16000 angles 1.0472 1.0472 1.0472 1.0472 data 0.00842625 0.00903888 -0.0479715
location -8000 0 16000 angles 1.13446 1.13446 1.13446 1.13446 data 0.00487967 0.00898852 -0.0393413
location -8000 0 16000 angles 1.22173 1.22173 1.22173 1.22173 data 0.00189026 0.00907343 -0.0310581
location -8000 0 16000 angles 1.309 1.309 1.309 1.309 data -0.00113815 0.00898375 -0.0226808
location -8000 0 16000 angles 1.39626 1.39626 1.39626 1.39626 data -0.00543327 0.00805502 -0.0136722
location -8000 0 16000 angles 1.48353 1.48353 1.48353 1.48353 data -0.00817668 0.0077144 -0.00450899
location -8000 0 16000 angles 1.5708 1.5708 1.5708 1.5708 data -0.0102156 0.00512946 0.000626669
location -8000 8000 16000 angles 0 0 0 0 data 0.0175436 -0.00721422 -0.114361
location -8000 8000 16000 angles 0.0872665 0.0872665 0.0872665 0.0872665 data 0.0207785 -0.0097878 -0.115101
location -8000 8000 16000 angles 0.174533 0.174533 0.174533 0.174533 data 0.0189026 -0.00948881 -0.113249
location -8000 8000 16000 angles 0.261799 0.261799 0.261799 0.261799 data 0.0172806 -0.00947137 -0.110372
location -8000 8000 16000 angles 0.349066 0.349066 0.349066 0.349066 data 0.0149234 -0.00924215 -0.106408
location -8000 8000 16000 angles 0.436332 0.436332 0.436332 0.436332 data 0.0123796 -0.00896998 -0.101377
location -8000 8000 16000 angles 0.523599 0.523599 0.523599 0.523599 data 0.0100324 -0.00858839 -0.0957056
location -8000 8000 16000 angles 0.610865 0.610865 0.610865 0.610865 data -0.0189803 -0.00842005 -0.090568
location -8000 8000 16000 angles 0.698132 0.698132 0.698132 0.698132 data 0.0040449 -0.0079881 -0.083207
location -8000 8000 16000 angles 0.785398 0.785398 0.785398 0.785398 data 0.00207028 -0.00747404 -0.0746261
location -8000 8000 16000 angles 0.872665 0.872665 0.872665 0.872665 data -7.61313e-05 -0.00684891 -0.0666052
location -8000 8000 16000 angles 0.959931 0.959931 0.959931 0.959931 data -0.00339711 -0.00718048 -0.0587534
location -8000 8000 16000 angles 1.0472 1.0472 1.0472 1.0472 data -0.00497302 -0.00530427 -0.0500511
location -8000 8000 16000 angles 1.13446 1.13446 1.13446 1.13446 data -0.00764057 -0.00456082 -0.0409399
location -8000 8000 16000 angles 1.22173 1.22173 1.22173 1.22173 data -0.00961453 -0.00340995 -0.0319207
location -8000 8000 16000 angles 1.309 1.309 1.309 1.309 data -0.011691 -0.00274713 -0.0230709
location -8000 8000 16000 angles 1.39626 1.39626 1.39626 1.39626 data -0.0150136 -0.00237442 -0.013871
location -8000 8000 16000 angles 1.48353 1.48353 1.48353 1.48353 data -0.0169771 -0.00198296 -0.00435052
location -8000 8000 16000 angles 1.5708 1.5708 1.5708 1.5708 data -0.0183813 -0.0051904 0.000554101
location 0 8000 16000 angles 0 0 0 0 data -0.00277001 -0.0224609 -0.106954
location 0 8000 16000 angles 0.0872665 0.0872665 0.0872665 0.0872665 data 0.00257661 -0.022523 -0.107114
location 0 8000 16000 angles 0.174533 0.174533 0.174533 0.174533 data 0.00225639 -0.0220329 -0.105415
location 0 8000 16000 angles 0.261799 0.261799 0.261799 0.261799 data 0.00204922 -0.021466 -0.10308
location 0 8000 16000 angles 0.349066 0.349066 0.349066 0.349066 data 0.00126513 -0.0206866 -0.0995443
location 0 8000 16000 angles 0.436332 0.436332 0.436332 0.436332 data 0.000673072 -0.019732 -0.0949926
location 0 8000 16000 angles 0.523599 0.523599 0.523599 0.523599 data 0.000316324 -0.0185016 -0.0898101
location 0 8000 16000 angles 0.610865 0.610865 0.610865 0.610865 data -0.044174 -0.0165229 -0.0848266
location 0 8000 16000 angles 0.698132 0.698132 0.698132 0.698132 data 0.0566063 -0.0237163 -0.0785681
location 0 8000 16000 angles 0.785398 0.785398 0.785398 0.785398 data -0.00114868 -0.0142967 -0.0706502
location 0 8000 16000 angles 0.872665 0.872665 0.872665 0.872665 data -0.00128246 -0.0126023 -0.0629363
location 0 8000 16000 angles 0.959931 0.959931 0.959931 0.959931 data -0.00161683 -0.0107012 -0.0556975
location 0 8000 16000 angles 1.0472 1.0472 1.0472 1.0472 data -0.00242659 -0.00860172 -0.0472266
location 0 8000 16000 angles 1.13446 1.13446 1.13446 1.13446 data -0.00320574 -0.00668535 -0.0390433
location 0 8000 16000 angles 1.22173 1.22173 1.22173 1.22173 data -0.00365497 -0.00435398 -0.0309046
location 0 8000 16000 angles 1.309 1.309 1.309 1.309 data -0.00417281 -0.00269481 -0.0226673
location 0 8000 16000 angles 1.39626 1.39626 1.39626 1.39626 data -0.00572683 -0.00144471 -0.0142167
location 0 8000 16000 angles 1.48353 1.48353 1.48353 1.48353 data -0.00550551 0.000203606 -0.00547968
location 0 8000 16000 angles 1.5708 1.5708 1.5708 1.5708 data -0.00484319 -0.00252137 -0.00104106
location 8000 8000 16000 angles 0 0 0 0 data -0.0163092 -0.0226447 -0.108593
location 8000 8000 16000 angles 0.0872665 0.0872665 0.0872665 0.0872665 data -0.0114067 -0.0195077 -0.10758
location 8000 8000 16000 angles 0.174533 0.174533 0.174533 0.174533 data -0.0118235 -0.0185337 -0.106087
location 8000 8000 16000 angles 0.261799 0.261799 0.261799 0.261799 data -0.0120703 -0.0176769 -0.103524
location 8000 8000 16000 angles 0.349066 0.349066 0.349066 0.349066 data -0.0122687 -0.0166763 -0.0998357
location 8000 8000 16000 angles 0.436332 0.436332 0.436332 0.436332 data -0.012429 -0.0152382 -0.095468
location 8000 8000 16000 angles 0.523599 0.523599 0.523599 0.523599 data -0.0124149 -0.0135488 -0.0903136
location 8000 8000 16000 angles 0.610865 0.610865 0.610865 0.610865 data -0.0229241 -0.0123298 -0.0849489
location 8000 8000 16000 angles 0.698132 0.698132 0.698132 0.698132 data -0.012768 -0.0105312 -0.0789168
location 8000 8000 16000 angles 0.785398 0.785398 0.785398 0.785398 data -0.0121694 -0.00822226 -0.0707917
location 8000 8000 16000 angles 0.872665 0.872665 0.872665 0.872665 data -0.0104992 -0.00662002 -0.0638598
location 8000 8000 16000 angles 0.959931 0.959931 0.959931 0.959931 data -0.0116305 -0.00570446 -0.0566065
location 8000 8000 16000 angles 1.0472 1.0472 1.0472 1.0472 data -0.0110598 -0.00280144 -0.0474965
location 8000 8000 16000 angles 1.13446 1.13446 1.13446 1.13446 data -0.011096 -0.000793577 -0.0392496
location 8000 8000 16000 angles 1.22173 1.22173 1.22173 1.22173 data -0.0105768 0.00143034 -0.0307971
location 8000 8000 16000 angles 1.309 1.309 1.309 1.309 data -0.00999975 0.00314266 -0.0224867
location 8000 8000 16000 angles 1.39626 1.39626 1.39626 1.39626 data -0.0102691 0.00438618 -0.0141715
location 8000 8000 16000 angles 1.48353 1.48353 1.48353 1.48353 data -0.00871789 0.00586106 -0.00512227
location 8000 8000 16000 angles 1.5708 1.5708 1.5708 1.5708 data -0.00569606 0.00318331 -0.00024924
location 8000 0 16000 angles 0 0 0 0 data -0.0223378 -0.000569786 -0.10056
location 8000 0 16000 angles 0.0872665 0.0872665 0.0872665 0.0872665 data -0.0196887 0.00126315 -0.100142
location 8000 0 16000 angles 0.174533 0.174533 0.174533 0.174533 data -0.0200769 0.00134823 -0.0988096
location 8000 0 16000 angles 0.261799 0.261799 0.261799 0.261799 data -0.0201167 0.00126645 -0.0964019
location 8000 0 16000 angles 0.349066 0.349066 0.349066 0.349066 data -0.0202918 0.00095281 -0.0931204
location 8000 0 16000 angles 0.436332 0.436332 0.436332 0.436332 data -0.0204567 0.000876623 -0.0890097
location 8000 0 16000 angles 0.523599 0.523599 0.523599 0.523599 data -0.0201554 0.00107721 -0.0843526
location 8000 0 16000 angles 0.610865 0.610865 0.610865 0.610865 data -0.0363487 0.000923684 -0.0794756
location 8000 0 16000 angles 0.698132 0.698132 0.698132 0.698132 data -0.0200552 0.00107705 -0.0738178
location 8000 0 16000 angles 0.785398 0.785398 0.785398 0.785398 data -0.0187371 0.000894559 -0.066597
location 8000 0 16000 angles 0.872665 0.872665 0.872665 0.872665 data -0.0160936 0.00124851 -0.0601969
location 8000 0 16000 angles 0.959931 0.959931 0.959931 0.959931 data -0.0172112 0.000243099 -0.0529413
location 8000 0 16000 angles 1.0472 1.0472 1.0472 1.0472 data -0.0159149 0.000988518 -0.0449401
location 8000 0 16000 angles 1.13446 1.13446 1.13446 1.13446 data -0.0151339 0.00102406 -0.037081
location 8000 0 16000 angles 1.22173 1.22173 1.22173 1.22173 data -0.0141935 0.00127023 -0.0294838
location 8000 0 16000 angles 1.309 1.309 1.309 1.309 data -0.0132164 0.00151722 -0.0219483
location 8000 0 16000 angles 1.39626 1.39626 1.39626 1.39626 data -0.0121304 0.000850788 -0.0138559
location 8000 0 16000 angles 1.48353 1.48353 1.48353 1.48353 data -0.0101269 0.000823966 -0.00531578
location 8000 0 16000 angles 1.5708 1.5708 1.5708 1.5708 data -0.00702975 -0.00152188 -0.000367552
location 8000 -8000 16000 angles 0 0 0 0 data -0.0220313 0.0203033 -0.10325
location 8000 -8000 16000 angles 0.0872665 0.0872665 0.0872665 0.0872665 data -0.0210176 0.0218701 -0.103002
location 8000 -8000 16000 angles 0.174533 0.174533 0.174533 0.174533 data -0.0211141 0.0216639 -0.101584
location 8000 -8000 16000 angles 0.261799 0.261799 0.261799 0.261799 data -0.0209785 0.0210753 -0.0991298
location 8000 -8000 16000 angles 0.349066 0.349066 0.349066 0.349066 data -0.0207925 0.0201871 -0.0956884
location 8000 -8000 16000 angles 0.436332 0.436332 0.436332 0.436332 data -0.0205656 0.0193153 -0.0913799
location 8000 -8000 16000 angles 0.523599 0.523599 0.523599 0.523599 data -0.0200427 0.0184307 -0.0866843
location 8000 -8000 16000 angles 0.610865 0.610865 0.610865 0.610865 data -0.0223724 0.0178289 -0.0816082
location 8000 -8000 16000 angles 0.698132 0.698132 0.698132 0.698132 data -0.01943 0.0167129 -0.0758543
location 8000 -8000 16000 angles 0.785398 0.785398 0.785398 0.785398 data -0.0179101 0.0152157 -0.0682902
location 8000 -8000 16000 angles 0.872665 0.872665 0.872665 0.872665 data -0.0152812 0.0148416 -0.061794
location 8000 -8000 16000 angles 0.959931 0.959931 0.959931 0.959931 data -0.0162527 0.0127551 -0.0540654
location 8000 -8000 16000 angles 1.0472 1.0472 1.0472 1.0472 data -0.0146493 0.0111652 -0.0461664
location 8000 -8000 16000 angles 1.13446 1.13446 1.13446 1.13446 data -0.013698 0.00949222 -0.0382518
location 8000 -8000 16000 angles 1.22173 1.22173 1.22173 1.22173 data -0.0124786 0.00819654 -0.0302914
location 8000 -8000 16000 angles 1.309 1.309 1.309 1.309 data -0.0115342 0.00689625 -0.0227332
location 8000 -8000 16000 angles 1.39626 1.39626 1.39626 1.39626 data -0.0104704 0.00457163 -0.0141303
location 8000 -8000 16000 angles 1.48353 1.48353 1.48353 1.48353 data -0.00844408 0.00314645 -0.00562893
location 8000 -8000 16000 angles 1.5708 1.5708 1.5708 1.5708 data -0.0054076 0.000499141 -0.000152483
location 0 -8000 16000 angles 0 0 0 0 data -0.00107414 0.0241954 -0.101788
location 0 -8000 16000 angles 0.0872665 0.0872665 0.0872665 0.0872665 data 0.000300034 0.0235941 -0.101612
location 0 -8000 16000 angles 0.174533 0.174533 0.174533 0.174533 data 8.56229e-05 0.0232346 -0.100142
location 0 -8000 16000 angles 0.261799 0.261799 0.261799 0.261799 data -0.000202836 0.0224638 -0.0978511
location 0 -8000 16000 angles 0.349066 0.349066 0.349066 0.349066 data -0.000538192 0.021465 -0.0944495
location 0 -8000 16000 angles 0.436332 0.436332 0.436332 0.436332 data -0.0010432 0.0202211 -0.0900666
location 0 -8000 16000 angles 0.523599 0.523599 0.523599 0.523599 data -0.00133528 0.0191478 -0.0853004
location 0 -8000 16000 angles 0.610865 0.610865 0.610865 0.610865 data -0.000124674 0.0182467 -0.0807522
location 0 -8000 16000 angles 0.698132 0.698132 0.698132 0.698132 data -0.00294887 0.0169986 -0.0744495
location 0 -8000 16000 angles 0.785398 0.785398 0.785398 0.785398 data -0.00257995 0.0146922 -0.0670519
location 0 -8000 16000 angles 0.872665 0.872665 0.872665 0.872665 data -0.00145623 0.0144291 -0.0608668
location 0 -8000 16000 angles 0.959931 0.959931 0.959931 0.959931 data -0.00341307 0.0119282 -0.0528564
location 0 -8000 16000 angles 1.0472 1.0472 1.0472 1.0472 data -0.00357384 0.0100295 -0.0450465
location 0 -8000 16000 angles 1.13446 1.13446 1.13446 1.13446 data -0.00428158 0.00817136 -0.0373142
location 0 -8000 16000 angles 1.22173 1.22173 1.22173 1.22173 data -0.00463454 0.00672545 -0.029624
location 0 -8000 16000 angles 1.309 1.309 1.309 1.309 data -0.0051254 0.00513769 -0.0219485
location 0 -8000 16000 angles 1.39626 1.39626 1.39626 1.39626 data -0.00607108 0.00246652 -0.0133842
location 0 -8000 16000 angles 1.48353 1.48353 1.48353 1.48353 data -0.00620387 0.000759626 -0.00508262
location 0 -8000 16000 angles 1.5708 1.5708 1.5708 1.5708 data -0.00534705 -0.00227783 0.00011409
location -8000 -8000 16000 angles 0 0 0 0 data 0.0268054 0.0168942 -0.111284
location -8000 -8000 16000 angles 0.0872665 0.0872665 0.0872665 0.0872665 data 0.029261 0.0151021 -0.111279
location -8000 -8000 16000 angles 0.174533 0.174533 0.174533 0.174533 data 0.0295178 0.015114 -0.10956
location -8000 -8000 16000 angles 0.261799 0.261799 0.261799 0.261799 data 0.0295965 0.0143985 -0.107258
location -8000 -8000 16000 angles 0.349066 0.349066 0.349066 0.349066 data 0.029152 0.0140037 -0.103674
location -8000 -8000 16000 angles 0.436332 0.436332 0.436332 0.436332 data 0.0284976 0.0131913 -0.0990949
location -8000 -8000 16000 angles 0.523599 0.523599 0.523599 0.523599 data 0.0277377 0.012624 -0.0939012
location -8000 -8000 16000 angles 0.610865 0.610865 0.610865 0.610865 data 0.0280999 0.0123112 -0.0889641
location -8000 -8000 16000 angles 0.698132 0.698132 0.698132 0.698132 data 0.0248059 0.0111779 -0.0824966
location -8000 -8000 16000 angles 0.785398 0.785398 0.785398 0.785398 data 0.0237338 0.0104418 -0.074292
location -8000 -8000 16000 angles 0.872665 0.872665 0.872665 0.872665 data 0.0219899 0.00960724 -0.0663695
location -8000 -8000 16000 angles 0.959931 0.959931 0.959931 0.959931 data 0.0186568 0.00925444 -0.0589386
location -8000 -8000 16000 angles 1.0472 1.0472 1.0472 1.0472 data 0.0170715 0.00832867 -0.050362
location -8000 -8000 16000 angles 1.13446 1.13446 1.13446 1.13446 data 0.0145005 0.00723457 -0.0417289
location -8000 -8000 16000 angles 1.22173 1.22173 1.22173 1.22173 data 0.0123197 0.00638153 -0.0332869
location -8000 -8000 16000 angles 1.309 1.309 1.309 1.309 data 0.00999624 0.00536576 -0.0248438
location -8000 -8000 16000 angles 1.39626 1.39626 1.39626 1.39626 data 0.00646249 0.00350369 -0.0157266
location -8000 -8000 16000 angles 1.48353 1.48353 1.48353 1.48353 data 0.00399504 0.00237371 -0.00641795
location -8000 -8000 16000 angles 1.5708 1.5708 1.5708 1.5708 data 0.00244167 0.000201632 -0.000743717
