location 0 0 0 angles 0 0 0 0 data -0.00898545 -5.55624e-05 -0.148743
location 0 0 0 angles 0.785398 0 0 0 data 0.0109539 -0.025162 -0.140916
location 0 0 0 angles 1.5708 0 0 0 data 0.0520291 -0.0321051 -0.117821
location 0 0 0 angles 0 0.785398 0 0 data 0.0238531 0.0210604 -0.137298
location 0 0 0 angles 0.785398 0.785398 0 0 data 0.0401372 -0.00237245 -0.128703
location 0 0 0 angles 1.5708 0.785398 0 0 data 0.0809493 -0.00991434 -0.105736
location 0 0 0 angles 0 1.5708 0 0 data 0.0344371 0.0677823 -0.106005
location 0 0 0 angles 0.785398 1.5708 0 0 data 0.050849 0.0449837 -0.0972069
location 0 0 0 angles 1.5708 1.5708 0 0 data 0.0908671 0.0373651 -0.0750756
location 0 0 0 angles 0 0 0.785398 0 data -0.0300719 0.0271108 -0.134619
location 0 0 0 angles 0.785398 0 0.785398 0 data -0.0136303 0.00305792 -0.126159
location 0 0 0 angles 1.5708 0 0.785398 0 data 0.027481 -0.00446834 -0.103137
location 0 0 0 angles 0 0.785398 0.785398 0 data -0.00145425 0.04735 -0.122582
location 0 0 0 angles 0.785398 0.785398 0.785398 0 data 0.0152397 0.0241854 -0.113947
location 0 0 0 angles 1.5708 0.785398 0.785398 0 data 0.0561393 0.0168217 -0.0909297
location 0 0 0 angles 0 1.5708 0.785398 0 data 0.00944631 0.0944734 -0.0911902
location 0 0 0 angles 0.785398 1.5708 0.785398 0 data 0.0261078 0.0714864 -0.0825876
location 0 0 0 angles 1.5708 1.5708 0.785398 0 data 0.0658309 0.063284 -0.0608711
location 0 0 0 angles 0 0 1.5708 0 data -0.0805003 0.031342 -0.101809
location 0 0 0 angles 0.785398 0 1.5708 0 data -0.0638037 0.00730204 -0.0932504
location 0 0 0 angles 1.5708 0 1.5708 0 data -0.022756 -0.000124016 -0.0702778
location 0 0 0 angles 0 0.785398 1.5708 0 data -0.0522666 0.0513451 -0.0896911
location 0 0 0 angles 0.785398 0.785398 1.5708 0 data -0.035618 0.0283663 -0.0810652
location 0 0 0 angles 1.5708 0.785398 1.5708 0 data 0.00487457 0.0207862 -0.0585035
location 0 0 0 angles 0 1.5708 1.5708 0 data -0.0410776 0.0978543 -0.0589302
location 0 0 0 angles 0.785398 1.5708 1.5708 0 data -0.0245846 0.0749663 -0.0504776
location 0 0 0 angles 1.5708 1.5708 1.5708 0 data 0.0148627 0.0664776 -0.0293772
location 0 0 0 angles 0 0 0 0.785398 data -0.0273374 -0.0225782 -0.136797
location 0 0 0 angles 0.785398 0 0 0.785398 data -0.00808404 -0.0462694 -0.128504
location 0 0 0 angles 1.5708 0 0 0.785398 data 0.0330532 -0.0537553 -0.10571
location 0 0 0 angles 0 0.785398 0 0.785398 data 0.00432299 -0.00194182 -0.124987
location 0 0 0 angles 0.785398 0.785398 0 0.785398 data 0.021116 -0.0248064 -0.116359
location 0 0 0 angles 1.5708 0.785398 0 0.785398 data 0.0621766 -0.0322953 -0.0934174
location 0 0 0 angles 0 1.5708 0 0.785398 data 0.0154696 0.045479 -0.0935918
location 0 0 0 angles 0.785398 1.5708 0 0.785398 data 0.0320123 0.0225568 -0.0849293
location 0 0 0 angles 1.5708 1.5708 0 0.785398 data 0.0718866 0.0149731 -0.0629094
location 0 0 0 angles 0 0 0.785398 0.785398 data -0.0484986 0.00299852 -0.122585
location 0 0 0 angles 0.785398 0 0.785398 0.785398 data -0.0320373 -0.0203257 -0.114044
location 0 0 0 angles 1.5708 0 0.785398 0.785398 data 0.00928324 -0.0279283 -0.0909088
location 0 0 0 angles 0 0.785398 0.785398 0.785398 data -0.0199023 0.0236887 -0.110261
location 0 0 0 angles 0.785398 0.785398 0.785398 0.785398 data -0.0032375 0.000801423 -0.101552
location 0 0 0 angles 1.5708 0.785398 0.785398 0.785398 data 0.0376695 -0.00655009 -0.0787957
location 0 0 0 angles 0 1.5708 0.785398 0.785398 data -0.00885529 0.0708045 -0.0790724
location 0 0 0 angles 0.785398 1.5708 0.785398 0.785398 data 0.0077506 0.0480189 -0.0703249
location 0 0 0 angles 1.5708 1.5708 0.785398 0.785398 data 0.0474008 0.0395729 -0.0489193
location 0 0 0 angles 0 0 1.5708 0.785398 data -0.0990001 0.00703711 -0.0896167
location 0 0 0 angles 0.785398 0 1.5708 0.785398 data -0.0823891 -0.0161362 -0.0810031
location 0 0 0 angles 1.5708 0 1.5708 0.785398 data -0.0408736 -0.0236883 -0.0581183
location 0 0 0 angles 0 0.785398 1.5708 0.785398 data -0.0706328 0.0277263 -0.0775869
location 0 0 0 angles 0.785398 0.785398 1.5708 0.785398 data -0.0538837 0.00496738 -0.0688508
location 0 0 0 angles 1.5708 0.785398 1.5708 0.785398 data -0.0135595 -0.00267917 -0.0465129
location 0 0 0 angles 0 1.5708 1.5708 0.785398 data -0.0583737 0.0742586 -0.0477655
location 0 0 0 angles 0.785398 1.5708 1.5708 0.785398 data -0.0416478 0.051486 -0.0390079
location 0 0 0 angles 1.5708 1.5708 1.5708 0.785398 data -0.00253058 0.0424481 -0.0183422
location 0 0 0 angles 0 0 0 1.5708 data -0.025719 -0.0654599 -0.113165
location 0 0 0 angles 0.785398 0 0 1.5708 data -0.00880329 -0.0890051 -0.104548
location 0 0 0 angles 1.5708 0 0 1.5708 data 0.0319466 -0.0950713 -0.0824905
location 0 0 0 angles 0 0.785398 0 1.5708 data 0.00339525 -0.0440088 -0.101543
location 0 0 0 angles 0.785398 0.785398 0 1.5708 data 0.0202424 -0.0667144 -0.0929254
location 0 0 0 angles 1.5708 0.785398 0 1.5708 data 0.060145 -0.0739746 -0.0708638
location 0 0 0 angles 0 1.5708 0 1.5708 data 0.0145161 0.003765 -0.0701118
location 0 0 0 angles 0.785398 1.5708 0 1.5708 data 0.0311846 -0.0191625 -0.0615172
location 0 0 0 angles 1.5708 1.5708 0 1.5708 data 0.0702588 -0.0266799 -0.0403951
location 0 0 0 angles 0 0 0.785398 1.5708 data -0.0493009 -0.0395901 -0.098984
location 0 0 0 angles 0.785398 0 0.785398 1.5708 data -0.0324283 -0.0627673 -0.090557
location 0 0 0 angles 1.5708 0 0.785398 1.5708 data 0.00850886 -0.0701111 -0.0677719
location 0 0 0 angles 0 0.785398 0.785398 1.5708 data -0.0208108 -0.0188485 -0.0869263
location 0 0 0 angles 0.785398 0.785398 0.785398 1.5708 data -0.00396794 -0.0416104 -0.0783382
location 0 0 0 angles 1.5708 0.785398 0.785398 1.5708 data 0.0356959 -0.0490067 -0.0563243
location 0 0 0 angles 0 1.5708 0.785398 1.5708 data -0.00965435 0.0282253 -0.0558488
location 0 0 0 angles 0.785398 1.5708 0.785398 1.5708 data 0.00693722 0.00530619 -0.0473108
location 0 0 0 angles 1.5708 1.5708 0.785398 1.5708 data 0.0459634 -0.00258933 -0.0265349
location 0 0 0 angles 0 0 1.5708 1.5708 data -0.0987788 -0.0349213 -0.0670676
location 0 0 0 angles 0.785398 0 1.5708 1.5708 data -0.0818353 -0.0580153 -0.0584559
location 0 0 0 angles 1.5708 0 1.5708 1.5708 data -0.0415413 -0.0651997 -0.036494
location 0 0 0 angles 0 0.785398 1.5708 1.5708 data -0.0706066 -0.0142794 -0.0550681
location 0 0 0 angles 0.785398 0.785398 1.5708 1.5708 data -0.0537116 -0.037006 -0.0463732
location 0 0 0 angles 1.5708 0.785398 1.5708 1.5708 data -0.0141884 -0.0434975 -0.0254228
location 0 0 0 angles 0 1.5708 1.5708 1.5708 data -0.0579781 0.0322319 -0.0256881
location 0 0 0 angles 0.785398 1.5708 1.5708 1.5708 data -0.0411421 0.00926135 -0.0172507
location 0 0 0 angles 1.5708 1.5708 1.5708 1.5708 data -0.00293077 0.00145469 -0.000547572
location 0 0 0 angles 0 0 0 0 data -0.00865207 2.91817e-05 -0.148784
location -8000 0 0 angles 0 0 0 0 data -0.00341834 0.00257216 -0.154871
location -8000 0 0 angles 0.785398 0 0 0 data 0.0132106 -0.0193479 -0.15035
location -8000 0 0 angles 1.5708 0 0 0 data 0.046089 -0.0241772 -0.134683
location -8000 0 0 angles 0 0.785398 0 0 data 0.0304916 0.0142966 -0.149325
location -8000 0 0 angles 0.785398 0.785398 0 0 data 0.0438799 -0.00374432 -0.143367
location -8000 0 0 angles 1.5708 0.785398 0 0 data 0.0767208 -0.00970816 -0.127524
location -8000 0 0 angles 0 1.5708 0 0 data 0.0492403 0.0568974 -0.121273
location -8000 0 0 angles 0.785398 1.5708 0 0 data 0.0627273 0.0393692 -0.115205
location -8000 0 0 angles 1.5708 1.5708 0 0 data 0.0951142 0.0335692 -0.0999458
location -8000 0 0 angles 0 0 0.785398 0 data -0.0313921 0.0362557 -0.134143
location -8000 0 0 angles 0.785398 0 0.785398 0 data -0.0177646 0.0175411 -0.128407
location -8000 0 0 angles 1.5708 0 0.785398 0 data 0.0154758 0.0118323 -0.112655
location -8000 0 0 angles 0 0.785398 0.785398 0 data -0.000796538 0.0488656 -0.127158
location -8000 0 0 angles 0.785398 0.785398 0.785398 0 data 0.0128 0.030945 -0.121248
location -8000 0 0 angles 1.5708 0.785398 0.785398 0 data 0.0458292 0.025318 -0.105542
location -8000 0 0 angles 0 1.5708 0.785398 0 data 0.0182016 0.0919958 -0.0991955
location -8000 0 0 angles 0.785398 1.5708 0.785398 0 data 0.0316423 0.0742571 -0.0933988
location -8000 0 0 angles 1.5708 1.5708 0.785398 0 data 0.0637895 0.0678549 -0.0787507
location -8000 0 0 angles 0 0 1.5708 0 data -0.0931503 0.0413859 -0.0854024
location -8000 0 0 angles 0.785398 0 1.5708 0 data -0.0795455 0.022687 -0.079518
location -8000 0 0 angles 1.5708 0 1.5708 0 data -0.0464303 0.0170613 -0.0639916
location -8000 0 0 angles 0 0.785398 1.5708 0 data -0.0632454 0.054061 -0.078431
location -8000 0 0 angles 0.785398 0.785398 1.5708 0 data -0.0497961 0.0363105 -0.0725037
location -8000 0 0 angles 1.5708 0.785398 1.5708 0 data -0.0167867 0.0305634 -0.0571897
location -8000 0 0 angles 0 1.5708 1.5708 0 data -0.0438439 0.0963865 -0.0510965
location -8000 0 0 angles 0.785398 1.5708 1.5708 0 data -0.0304407 0.0786179 -0.0452222
location -8000 0 0 angles 1.5708 1.5708 1.5708 0 data 0.00140928 0.0718762 -0.0312137
location -8000 0 0 angles 0 0 0 0.785398 data -0.0149144 -0.0257898 -0.141139
location -8000 0 0 angles 0.785398 0 0 0.785398 data -0.00143845 -0.0440484 -0.135311
location -8000 0 0 angles 1.5708 0 0 0.785398 data 0.0320442 -0.0497279 -0.119732
location -8000 0 0 angles 0 0.785398 0 0.785398 data 0.0162517 -0.0126834 -0.134446
location -8000 0 0 angles 0.785398 0.785398 0 0.785398 data 0.0298658 -0.0301711 -0.128441
location -8000 0 0 angles 1.5708 0.785398 0 0.785398 data 0.0629725 -0.0357843 -0.112861
location -8000 0 0 angles 0 1.5708 0 0.785398 data 0.0354874 0.0309395 -0.106259
location -8000 0 0 angles 0.785398 1.5708 0 0.785398 data 0.0490009 0.0130663 -0.100426
location -8000 0 0 angles 1.5708 1.5708 0 0.785398 data 0.0810646 0.00728953 -0.0854592
location -8000 0 0 angles 0 0 0.785398 0.785398 data -0.0444026 0.00789557 -0.119623
location -8000 0 0 angles 0.785398 0 0.785398 0.785398 data -0.03096 -0.0102535 -0.11374
location -8000 0 0 angles 1.5708 0 0.785398 0.785398 data 0.00227597 -0.0158935 -0.0981965
location -8000 0 0 angles 0 0.785398 0.785398 0.785398 data -0.0142458 0.0211706 -0.112457
location -8000 0 0 angles 0.785398 0.785398 0.785398 0.785398 data -0.000601216 0.00340809 -0.106602
location -8000 0 0 angles 1.5708 0.785398 0.785398 0.785398 data 0.0324602 -0.00222633 -0.0910604
location -8000 0 0 angles 0 1.5708 0.785398 0.785398 data 0.063516 0.0430293 -0.079227
location -8000 0 0 angles 0.785398 1.5708 0.785398 0.785398 data 0.0184024 0.0452875 -0.0793714
location -8000 0 0 angles 1.5708 1.5708 0.785398 0.785398 data 0.0503721 0.0396843 -0.0644463
location -8000 0 0 angles 0 0 1.5708 0.785398 data -0.10654 0.0129391 -0.0708049
location -8000 0 0 angles 0.785398 0 1.5708 0.785398 data -0.0931054 -0.00486804 -0.0650182
location -8000 0 0 angles 1.5708 0 1.5708 0.785398 data -0.0592724 -0.0105345 -0.0494173
location -8000 0 0 angles 0 0.785398 1.5708 0.785398 data -0.0763073 0.026369 -0.063913
location -8000 0 0 angles 0.785398 0.785398 1.5708 0.785398 data -0.0627509 0.00857073 -0.0579698
location -8000 0 0 angles 1.5708 0.785398 1.5708 0.785398 data -0.0301422 0.00311913 -0.0427799
location -8000 0 0 angles 0 1.5708 1.5708 0.785398 data -0.0558098 0.068624 -0.0377764
location -8000 0 0 angles 0.785398 1.5708 1.5708 0.785398 data -0.0421345 0.0510405 -0.031843
location -8000 0 0 angles 1.5708 1.5708 1.5708 0.785398 data -0.0106706 0.0439809 -0.0180651
location -8000 0 0 angles 0 0 0 1.5708 data -0.00851533 -0.0675278 -0.11742
location -8000 0 0 angles 0.785398 0 0 1.5708 data 0.00526077 -0.0857955 -0.111451
location -8000 0 0 angles 1.5708 0 0 1.5708 data 0.0378479 -0.0901055 -0.0965898
location -8000 0 0 angles 0 0.785398 0 1.5708 data 0.0220436 -0.0536701 -0.111095
location -8000 0 0 angles 0.785398 0.785398 0 1.5708 data 0.0356663 -0.0713303 -0.105172
location -8000 0 0 angles 1.5708 0.785398 0 1.5708 data 0.067832 -0.0767277 -0.0901241
location -8000 0 0 angles 0 1.5708 0 1.5708 data 0.0412041 -0.0100929 -0.0830046
location -8000 0 0 angles 0.785398 1.5708 0 1.5708 data 0.0549024 -0.0280274 -0.0771562
location -8000 0 0 angles 1.5708 1.5708 0 1.5708 data 0.0862281 -0.0335737 -0.0629701
location -8000 0 0 angles 0 0 0.785398 1.5708 data -0.0384718 -0.0339631 -0.0964894
location -8000 0 0 angles 0.785398 0 0.785398 1.5708 data -0.0247321 -0.0518808 -0.0905101
location -8000 0 0 angles 1.5708 0 0.785398 1.5708 data 0.00824261 -0.0572791 -0.0750725
location -8000 0 0 angles 0 0.785398 0.785398 1.5708 data -0.00816631 -0.0208212 -0.0894357
location -8000 0 0 angles 0.785398 0.785398 0.785398 1.5708 data 0.00562509 -0.0382575 -0.0834174
location -8000 0 0 angles 1.5708 0.785398 0.785398 1.5708 data 0.037606 -0.0437169 -0.0685016
location -8000 0 0 angles 0 1.5708 0.785398 1.5708 data 0.0110851 0.0223365 -0.0617486
location -8000 0 0 angles 0.785398 1.5708 0.785398 1.5708 data 0.0246214 0.0046725 -0.0558572
location -8000 0 0 angles 1.5708 1.5708 0.785398 1.5708 data 0.0559098 -0.00154887 -0.0419445
location -8000 0 0 angles 0 0 1.5708 1.5708 data -0.0989931 -0.0282694 -0.0489416
location -8000 0 0 angles 0.785398 0 1.5708 1.5708 data -0.0853155 -0.046184 -0.0430095
location -8000 0 0 angles 1.5708 0 1.5708 1.5708 data -0.052669 -0.0513641 -0.0280394
location -8000 0 0 angles 0 0.785398 1.5708 1.5708 data -0.0690577 -0.0148723 -0.0420356
location -8000 0 0 angles 0.785398 0.785398 1.5708 1.5708 data -0.0552839 -0.0324803 -0.0361872
location -8000 0 0 angles 1.5708 0.785398 1.5708 1.5708 data -0.0236347 -0.0373087 -0.0218504
location -8000 0 0 angles 0 1.5708 1.5708 1.5708 data -0.0482361 0.0274048 -0.0162693
location -8000 0 0 angles 0.785398 1.5708 1.5708 1.5708 data -0.0346249 0.00984156 -0.0105638
location -8000 0 0 angles 1.5708 1.5708 1.5708 1.5708 data -0.00472077 0.00348411 -0.000639392
location -8000 0 0 angles 0 0 0 0 data -0.0034937 0.00210517 -0.154901
location -8000 8000 0 angles 0 0 0 0 data -0.011537 0.00379396 -0.159585
location -8000 8000 0 angles 0.785398 0 0 0 data 0.00214367 -0.0200762 -0.158522
location -8000 8000 0 angles 1.5708 0 0 0 data 0.0323909 -0.0296818 -0.144118
location -8000 8000 0 angles 0 0.785398 0 0 data 0.0333219 0.0163924 -0.151819
location -8000 8000 0 angles 0.785398 0.785398 0 0 data 0.0419352 -0.00290593 -0.14825
location -8000 8000 0 angles 1.5708 0.785398 0 0 data 0.0722288 -0.0135983 -0.134035
location -8000 8000 0 angles 0 1.5708 0 0 data 0.0594768 0.0681934 -0.110753
location -8000 8000 0 angles 0.785398 1.5708 0 0 data 0.0686076 0.0488828 -0.107193
location -8000 8000 0 angles 1.5708 1.5708 0 0 data 0.0981092 0.038474 -0.0934965
location -8000 8000 0 angles 0 0 0.785398 0 data -0.0457896 0.0277846 -0.133339
location -8000 8000 0 angles 0.785398 0 0.785398 0 data -0.0369173 0.00780951 -0.130069
location -8000 8000 0 angles 1.5708 0 0.785398 0 data -0.0065305 -0.00274697 -0.115931
location -8000 8000 0 angles 0 0.785398 0.785398 0 data -0.00582803 0.0420256 -0.1237
location -8000 8000 0 angles 0.785398 0.785398 0.785398 0 data 0.00302172 0.0227753 -0.119997
location -8000 8000 0 angles 1.5708 0.785398 0.785398 0 data 0.0335523 0.0122626 -0.105993
location -8000 8000 0 angles 0 1.5708 0.785398 0 data 0.0207332 0.0940352 -0.0825135
location -8000 8000 0 angles 0.785398 1.5708 0.785398 0 data 0.0296615 0.074798 -0.0790076
location -8000 8000 0 angles 1.5708 1.5708 0.785398 0 data 0.0590942 0.0637437 -0.0660005
location -8000 8000 0 angles 0 0 1.5708 0 data -0.105636 0.0192992 -0.0852392
location -8000 8000 0 angles 0.785398 0 1.5708 0 data -0.0968884 -0.0007814 -0.0818636
location -8000 8000 0 angles 1.5708 0 1.5708 0 data -0.06627 -0.0113125 -0.0676766
location -8000 8000 0 angles 0 0.785398 1.5708 0 data -0.0665672 0.0334337 -0.0753755
location -8000 8000 0 angles 0.785398 0.785398 1.5708 0 data -0.05761 0.0143896 -0.0718396
location -8000 8000 0 angles 1.5708 0.785398 1.5708 0 data -0.0273754 0.00396624 -0.0580506
location -8000 8000 0 angles 0 1.5708 1.5708 0 data -0.0397362 0.0847251 -0.0353196
location -8000 8000 0 angles 0.785398 1.5708 1.5708 0 data -0.0306882 0.0654088 -0.0318223
location -8000 8000 0 angles 1.5708 1.5708 1.5708 0 data -0.00176871 0.0539797 -0.0197012
location -8000 8000 0 angles 0 0 0 0.785398 data -0.0196161 -0.0194109 -0.150734
location -8000 8000 0 angles 0.785398 0 0 0.785398 data -0.010162 -0.0392985 -0.147587
location -8000 8000 0 angles 1.5708 0 0 0.785398 data 0.0201983 -0.0499141 -0.133473
location -8000 8000 0 angles 0 0.785398 0 0.785398 data 0.0213439 -0.00461743 -0.141215
location -8000 8000 0 angles 0.785398 0.785398 0 0.785398 data 0.0347093 -0.0242669 -0.137962
location -8000 8000 0 angles 1.5708 0.785398 0 0.785398 data 0.0602446 -0.0346168 -0.123992
location -8000 8000 0 angles 0 1.5708 0 0.785398 data 0.0479284 0.0475835 -0.100075
location -8000 8000 0 angles 0.785398 1.5708 0 0.785398 data 0.0569144 0.0282118 -0.0967542
location -8000 8000 0 angles 1.5708 1.5708 0 0.785398 data 0.0863395 0.0178992 -0.0831787
location -8000 8000 0 angles 0 0 0.785398 0.785398 data -0.0565009 0.00530833 -0.123553
location -8000 8000 0 angles 0.785398 0 0.785398 0.785398 data -0.0475583 -0.0141726 -0.120044
location -8000 8000 0 angles 1.5708 0 0.785398 0.785398 data -0.0169315 -0.0250067 -0.105922
location -8000 8000 0 angles 0 0.785398 0.785398 0.785398 data 0.0644432 -0.00946611 -0.108929
location -8000 8000 0 angles 0.785398 0.785398 0.785398 0.785398 data -0.0032737 0.000560519 -0.110133
location -8000 8000 0 angles 1.5708 0.785398 0.785398 0.785398 data 0.0220557 -0.0096277 -0.0962969
location -8000 8000 0 angles 0 1.5708 0.785398 0.785398 data 0.0100375 0.0716904 -0.0725893
location -8000 8000 0 angles 0.785398 1.5708 0.785398 0.785398 data 0.0186688 0.0513769 -0.0699824
location -8000 8000 0 angles 1.5708 1.5708 0.785398 0.785398 data 0.0479397 0.0411488 -0.0565759
location -8000 8000 0 angles 0 0 1.5708 0.785398 data -0.116725 -0.00341571 -0.0751441
location -8000 8000 0 angles 0.785398 0 1.5708 0.785398 data -0.107776 -0.022724 -0.071744
location -8000 8000 0 angles 1.5708 0 1.5708 0.785398 data -0.0769277 -0.0332249 -0.0577296
location -8000 8000 0 angles 0 0.785398 1.5708 0.785398 data -0.0770986 0.0116857 -0.0655211
location -8000 8000 0 angles 0.785398 0.785398 1.5708 0.785398 data -0.0681495 -0.00757574 -0.0620481
location -8000 8000 0 angles 1.5708 0.785398 1.5708 0.785398 data -0.0380247 -0.0178959 -0.0481994
location -8000 8000 0 angles 0 1.5708 1.5708 0.785398 data -0.0492644 0.0629251 -0.0267253
location -8000 8000 0 angles 0.785398 1.5708 1.5708 0.785398 data -0.0403449 0.0423152 -0.0240166
location -8000 8000 0 angles 1.5708 1.5708 1.5708 0.785398 data -0.0115817 0.0317424 -0.0112184
location -8000 8000 0 angles 0 0 0 1.5708 data -0.0153141 -0.0535299 -0.134244
location -8000 8000 0 angles 0.785398 0 0 1.5708 data -0.00620371 -0.0731599 -0.130924
location -8000 8000 0 angles 1.5708 0 0 1.5708 data 0.0238489 -0.0825891 -0.117287
location -8000 8000 0 angles 0 0.785398 0 1.5708 data 0.0250017 -0.0384086 -0.125151
location -8000 8000 0 angles 0.785398 0.785398 0 1.5708 data 0.03368 -0.0575371 -0.121843
location -8000 8000 0 angles 1.5708 0.785398 0 1.5708 data 0.0629093 -0.0676899 -0.108423
location -8000 8000 0 angles 0 1.5708 0 1.5708 data 0.0517288 0.0140992 -0.0838472
location -8000 8000 0 angles 0.785398 1.5708 0 1.5708 data 0.0605888 -0.00507505 -0.0805602
location -8000 8000 0 angles 1.5708 1.5708 0 1.5708 data 0.0894939 -0.0156588 -0.0677928
location -8000 8000 0 angles 0 0 0.785398 1.5708 data -0.0522462 -0.0287873 -0.107293
location -8000 8000 0 angles 0.785398 0 0.785398 1.5708 data -0.0432927 -0.0482824 -0.103946
location -8000 8000 0 angles 1.5708 0 0.785398 1.5708 data -0.0129975 -0.0585708 -0.0898756
location -8000 8000 0 angles 0 0.785398 0.785398 1.5708 data -0.0127405 -0.014079 -0.0976342
location -8000 8000 0 angles 0.785398 0.785398 0.785398 1.5708 data -0.00354817 -0.0330773 -0.0940201
location -8000 8000 0 angles 1.5708 0.785398 0.785398 1.5708 data 0.0258518 -0.0433229 -0.0805009
location -8000 8000 0 angles 0 1.5708 0.785398 1.5708 data 0.0139479 0.0376886 -0.0569116
location -8000 8000 0 angles 0.785398 1.5708 0.785398 1.5708 data 0.0229777 0.0185758 -0.0533463
location -8000 8000 0 angles 1.5708 1.5708 0.785398 1.5708 data 0.0515911 0.00757058 -0.0411416
location -8000 8000 0 angles 0 0 1.5708 1.5708 data -0.111294 -0.0366041 -0.0602915
location -8000 8000 0 angles 0.785398 0 1.5708 1.5708 data -0.102225 -0.0560823 -0.0568142
location -8000 8000 0 angles 1.5708 0 1.5708 1.5708 data -0.0722997 -0.0658343 -0.0434806
location -8000 8000 0 angles 0 0.785398 1.5708 1.5708 data -0.0718503 -0.0218889 -0.0505329
location -8000 8000 0 angles 0.785398 0.785398 1.5708 1.5708 data -0.062706 -0.0407311 -0.0469829
location -8000 8000 0 angles 1.5708 0.785398 1.5708 1.5708 data -0.0336835 -0.050244 -0.0342326
location -8000 8000 0 angles 0 1.5708 1.5708 1.5708 data -0.0437389 0.0294336 -0.0121842
location -8000 8000 0 angles 0.785398 1.5708 1.5708 1.5708 data -0.0349142 0.010407 -0.00877943
location -8000 8000 0 angles 1.5708 1.5708 1.5708 1.5708 data -0.00767397 -0.0013491 -0.00081612
location -8000 8000 0 angles 0 0 0 0 data -0.011286 0.00307816 -0.159537
location 0 8000 0 angles 0 0 0 0 data -0.0116227 -0.00316263 -0.155809
location 0 8000 0 angles 0.785398 0 0 0 data 0.00388956 -0.030442 -0.152201
location 0 8000 0 angles 1.5708 0 0 0 data 0.0406825 -0.0442693 -0.131566
location 0 8000 0 angles 0 0.785398 0 0 data 0.0318813 0.0219483 -0.138581
location 0 8000 0 angles 0.785398 0.785398 0 0 data 0.0417014 -0.00326004 -0.133834
location 0 8000 0 angles 1.5708 0.785398 0 0 data 0.0789547 -0.0175806 -0.113176
location 0 8000 0 angles 0 1.5708 0 0 data 0.0465645 0.0794509 -0.0920118
location 0 8000 0 angles 0.785398 1.5708 0 0 data 0.0568339 0.0547383 -0.0871779
location 0 8000 0 angles 1.5708 1.5708 0 0 data 0.0931246 0.0404617 -0.0672198
location 0 8000 0 angles 0 0 0.785398 0 data -0.0373968 0.0173157 -0.137877
location 0 8000 0 angles 0.785398 0 0.785398 0 data -0.0270911 -0.00861751 -0.133159
location 0 8000 0 angles 1.5708 0 0.785398 0 data 0.0101201 -0.0228746 -0.112586
location 0 8000 0 angles 0 0.785398 0.785398 0 data 0.000475281 0.0420019 -0.119857
location 0 8000 0 angles 0.785398 0.785398 0.785398 0 data 0.0107881 0.0172048 -0.114916
location 0 8000 0 angles 1.5708 0.785398 0.785398 0 data 0.0481258 0.00293204 -0.0942193
location 0 8000 0 angles 0 1.5708 0.785398 0 data 0.0157134 0.099794 -0.0732054
location 0 8000 0 angles 0.785398 1.5708 0.785398 0 data 0.0259245 0.0750815 -0.0683674
location 0 8000 0 angles 1.5708 1.5708 0.785398 0 data 0.0622473 0.0601832 -0.0490375
location 0 8000 0 angles 0 0 1.5708 0 data -0.0864857 0.0119263 -0.105078
location 0 8000 0 angles 0.785398 0 1.5708 0 data -0.0763687 -0.0140574 -0.100228
location 0 8000 0 angles 1.5708 0 1.5708 0 data -0.0389903 -0.0282497 -0.0797797
location 0 8000 0 angles 0 0.785398 1.5708 0 data -0.0491739 0.0363434 -0.0873686
location 0 8000 0 angles 0.785398 0.785398 1.5708 0 data -0.0389934 0.0116413 -0.0823037
location 0 8000 0 angles 1.5708 0.785398 1.5708 0 data -0.00187649 -0.00255494 -0.0620395
location 0 8000 0 angles 0 1.5708 1.5708 0 data -0.0337222 0.0936049 -0.041631
location 0 8000 0 angles 0.785398 1.5708 1.5708 0 data -0.0233553 0.0685273 -0.0366714
location 0 8000 0 angles 1.5708 1.5708 1.5708 0 data 0.0123047 0.0534145 -0.0181944
location 0 8000 0 angles 0 0 0 0.785398 data -0.0230421 -0.021706 -0.148013
location 0 8000 0 angles 0.785398 0 0 0.785398 data -0.012159 -0.0471053 -0.143341
location 0 8000 0 angles 1.5708 0 0 0.785398 data 0.0253305 -0.0615618 -0.122835
location 0 8000 0 angles 0 0.785398 0 0.785398 data 0.0160672 0.00378984 -0.129989
location 0 8000 0 angles 0.785398 0.785398 0 0.785398 data 0.0329803 -0.0213996 -0.12552
location 0 8000 0 angles 1.5708 0.785398 0 0.785398 data 0.063554 -0.035678 -0.105123
location 0 8000 0 angles 0 1.5708 0 0.785398 data 0.03144 0.0617247 -0.0834806
location 0 8000 0 angles 0.785398 1.5708 0 0.785398 data 0.0416665 0.0368858 -0.07843
location 0 8000 0 angles 1.5708 1.5708 0 0.785398 data 0.0777986 0.0229275 -0.0588849
location 0 8000 0 angles 0 0 0.785398 0.785398 data -0.0517189 -0.00218897 -0.12959
location 0 8000 0 angles 0.785398 0 0.785398 0.785398 data -0.0413149 -0.027327 -0.124869
location 0 8000 0 angles 1.5708 0 0.785398 0.785398 data -0.00379829 -0.041504 -0.104238
location 0 8000 0 angles 0 0.785398 0.785398 0.785398 data -0.0139799 0.0231984 -0.111521
location 0 8000 0 angles 0.785398 0.785398 0.785398 0.785398 data 0.00168128 -0.00179932 -0.106647
location 0 8000 0 angles 1.5708 0.785398 0.785398 0.785398 data 0.0330827 -0.0159995 -0.0864657
location 0 8000 0 angles 0 1.5708 0.785398 0.785398 data 0.00120128 0.0806258 -0.0650339
location 0 8000 0 angles 0.785398 1.5708 0.785398 0.785398 data 0.0121035 0.0547976 -0.0611337
location 0 8000 0 angles 1.5708 1.5708 0.785398 0.785398 data 0.0474505 0.0409999 -0.0415849
location 0 8000 0 angles 0 0 1.5708 0.785398 data -0.101143 -0.00767315 -0.0967293
location 0 8000 0 angles 0.785398 0 1.5708 0.785398 data -0.0907637 -0.0326809 -0.0919703
location 0 8000 0 angles 1.5708 0 1.5708 0.785398 data -0.052976 -0.0469362 -0.071469
location 0 8000 0 angles 0 0.785398 1.5708 0.785398 data -0.0636663 0.0177259 -0.0790608
location 0 8000 0 angles 0.785398 0.785398 1.5708 0.785398 data -0.0531725 -0.0071168 -0.0739937
location 0 8000 0 angles 1.5708 0.785398 1.5708 0.785398 data -0.0165635 -0.0212515 -0.0539836
location 0 8000 0 angles 0 1.5708 1.5708 0.785398 data -0.0470558 0.0746104 -0.0342273
location 0 8000 0 angles 0.785398 1.5708 1.5708 0.785398 data -0.0369423 0.0484914 -0.0301738
location 0 8000 0 angles 1.5708 1.5708 1.5708 0.785398 data -0.00160794 0.0342344 -0.0113418
location 0 8000 0 angles 0 0 0 1.5708 data -0.0235591 -0.0562672 -0.131371
location 0 8000 0 angles 0.785398 0 0 1.5708 data -0.0130533 -0.0816292 -0.126531
location 0 8000 0 angles 1.5708 0 0 1.5708 data 0.0239892 -0.0947383 -0.106525
location 0 8000 0 angles 0 0.785398 0 1.5708 data 0.0150376 -0.0303438 -0.113989
location 0 8000 0 angles 0.785398 0.785398 0 1.5708 data 0.0278815 -0.0554644 -0.109358
location 0 8000 0 angles 1.5708 0.785398 0 1.5708 data 0.0613944 -0.069189 -0.0896483
location 0 8000 0 angles 0 1.5708 0 1.5708 data 0.0301793 0.0279888 -0.067128
location 0 8000 0 angles 0.785398 1.5708 0 1.5708 data 0.0406787 0.00315533 -0.062253
location 0 8000 0 angles 1.5708 1.5708 0 1.5708 data 0.0762199 -0.0109402 -0.0434633
location 0 8000 0 angles 0 0 0.785398 1.5708 data -0.0524857 -0.0365278 -0.113377
location 0 8000 0 angles 0.785398 0 0.785398 1.5708 data -0.0420761 -0.0616734 -0.108577
location 0 8000 0 angles 1.5708 0 0.785398 1.5708 data -0.0047155 -0.0758091 -0.0882809
location 0 8000 0 angles 0 0.785398 0.785398 1.5708 data -0.0148259 -0.0112964 -0.0956267
location 0 8000 0 angles 0.785398 0.785398 0.785398 1.5708 data -0.00438179 -0.0358753 -0.0905758
location 0 8000 0 angles 1.5708 0.785398 0.785398 1.5708 data 0.0317338 -0.0498494 -0.0707693
location 0 8000 0 angles 0 1.5708 0.785398 1.5708 data 0.000483015 0.0465206 -0.0491685
location 0 8000 0 angles 0.785398 1.5708 0.785398 1.5708 data 0.0109933 0.0215474 -0.0443843
location 0 8000 0 angles 1.5708 1.5708 0.785398 1.5708 data 0.0462654 0.00689033 -0.0259879
location 0 8000 0 angles 0 0 1.5708 1.5708 data -0.100744 -0.0413667 -0.0815014
location 0 8000 0 angles 0.785398 0 1.5708 1.5708 data -0.0904203 -0.0664795 -0.0766047
location 0 8000 0 angles 1.5708 0 1.5708 1.5708 data -0.0536653 -0.0800124 -0.0569605
location 0 8000 0 angles 0 0.785398 1.5708 1.5708 data -0.0634573 -0.0161657 -0.06369
location 0 8000 0 angles 0.785398 0.785398 1.5708 1.5708 data -0.0528311 -0.0409562 -0.0587197
location 0 8000 0 angles 1.5708 0.785398 1.5708 1.5708 data -0.0172807 -0.0539628 -0.0397625
location 0 8000 0 angles 0 1.5708 1.5708 1.5708 data -0.0468073 0.0406874 -0.019393
location 0 8000 0 angles 0.785398 1.5708 1.5708 1.5708 data -0.0362869 0.0160916 -0.0146526
location 0 8000 0 angles 1.5708 1.5708 1.5708 1.5708 data -0.00158902 0.000456687 -0.00087108
location 0 8000 0 angles 0 0 0 0 data -0.0115592 -0.00373247 -0.15575
location 8000 8000 0 angles 0 0 0 0 data -0.0101725 -0.00265762 -0.157105
location 8000 8000 0 angles 0.785398 0 0 0 data 0.00614738 -0.0357261 -0.150688
location 8000 8000 0 angles 1.5708 0 0 0 data 0.0510084 -0.0547134 -0.120867
location 8000 8000 0 angles 0 0.785398 0 0 data 0.0263642 0.0326575 -0.131981
location 8000 8000 0 angles 0.785398 0.785398 0 0 data 0.0377082 0.000105863 -0.125254
location 8000 8000 0 angles 1.5708 0.785398 0 0 data 0.0829303 -0.0194256 -0.095301
location 8000 8000 0 angles 0 1.5708 0 0 data 0.0278289 0.0915642 -0.0833765
location 8000 8000 0 angles 0.785398 1.5708 0 0 data 0.0393049 0.0594048 -0.0767032
location 8000 8000 0 angles 1.5708 1.5708 0 0 data 0.0833799 0.0400878 -0.0474038
location 8000 8000 0 angles 0 0 0.785398 0 data -0.0297774 0.0154559 -0.144028
location 8000 8000 0 angles 0.785398 0 0.785398 0 data -0.018592 -0.018023 -0.137582
location 8000 8000 0 angles 1.5708 0 0.785398 0 data 0.0267043 -0.0374392 -0.107671
location 8000 8000 0 angles 0 0.785398 0.785398 0 data 0.00147362 0.0486784 -0.119239
location 8000 8000 0 angles 0.785398 0.785398 0.785398 0 data 0.0130266 0.0164547 -0.112336
location 8000 8000 0 angles 1.5708 0.785398 0.785398 0 data 0.0584649 -0.00292979 -0.0823608
location 8000 8000 0 angles 0 1.5708 0.785398 0 data 0.00324666 0.108004 -0.0705513
location 8000 8000 0 angles 0.785398 1.5708 0.785398 0 data 0.0149053 0.0757772 -0.0636604
location 8000 8000 0 angles 1.5708 1.5708 0.785398 0 data 0.0588701 0.0556527 -0.0352668
location 8000 8000 0 angles 0 0 1.5708 0 data -0.0700152 0.0122256 -0.121304
location 8000 8000 0 angles 0.785398 0 1.5708 0 data -0.0587317 -0.0214961 -0.114756
location 8000 8000 0 angles 1.5708 0 1.5708 0 data -0.0131045 -0.0408081 -0.0848401
location 8000 8000 0 angles 0 0.785398 1.5708 0 data -0.0392947 0.0449742 -0.0966653
location 8000 8000 0 angles 0.785398 0.785398 1.5708 0 data -0.0276678 0.0128181 -0.0896534
location 8000 8000 0 angles 1.5708 0.785398 1.5708 0 data 0.0166894 -0.00663796 -0.0606005
location 8000 8000 0 angles 0 1.5708 1.5708 0 data -0.0370724 0.103775 -0.0487819
location 8000 8000 0 angles 0.785398 1.5708 1.5708 0 data -0.0253926 0.0712925 -0.0420621
location 8000 8000 0 angles 1.5708 1.5708 1.5708 0 data 0.0182056 0.0510553 -0.0145672
location 8000 8000 0 angles 0 0 0 0.785398 data -0.024231 -0.0157089 -0.150751
location 8000 8000 0 angles 0.785398 0 0 0.785398 data -0.0119933 -0.0484578 -0.144068
location 8000 8000 0 angles 1.5708 0 0 0.785398 data 0.0334075 -0.0681373 -0.114262
location 8000 8000 0 angles 0 0.785398 0 0.785398 data 0.00828194 0.0185073 -0.125562
location 8000 8000 0 angles 0.785398 0.785398 0 0.785398 data 0.024095 -0.0141626 -0.119249
location 8000 8000 0 angles 1.5708 0.785398 0 0.785398 data 0.065123 -0.0335867 -0.0894046
location 8000 8000 0 angles 0 1.5708 0 0.785398 data 0.0104084 0.077965 -0.0769094
location 8000 8000 0 angles 0.785398 1.5708 0 0.785398 data 0.02198 0.0456452 -0.0702564
location 8000 8000 0 angles 1.5708 1.5708 0 0.785398 data 0.0658553 0.0264771 -0.0412652
location 8000 8000 0 angles 0 0 0.785398 0.785398 data -0.046854 9.28632e-05 -0.137903
location 8000 8000 0 angles 0.785398 0 0.785398 0.785398 data -0.0353813 -0.0323602 -0.131216
location 8000 8000 0 angles 1.5708 0 0.785398 0.785398 data 0.0103638 -0.0519853 -0.101243
location 8000 8000 0 angles 0 0.785398 0.785398 0.785398 data -0.0155323 0.0340771 -0.112934
location 8000 8000 0 angles 0.785398 0.785398 0.785398 0.785398 data 0.000870863 0.00162533 -0.106136
location 8000 8000 0 angles 1.5708 0.785398 0.785398 0.785398 data 0.0406413 -0.0175514 -0.0767505
location 8000 8000 0 angles 0 1.5708 0.785398 0.785398 data -0.013698 0.0928536 -0.0644499
location 8000 8000 0 angles 0.785398 1.5708 0.785398 0.785398 data 0.000282591 0.0595648 -0.0585252
location 8000 8000 0 angles 1.5708 1.5708 0.785398 0.785398 data 0.0416387 0.0407378 -0.0301205
location 8000 8000 0 angles 0 0 1.5708 0.785398 data -0.0872276 -0.00331813 -0.115171
location 8000 8000 0 angles 0.785398 0 1.5708 0.785398 data -0.0756376 -0.0358722 -0.108446
location 8000 8000 0 angles 1.5708 0 1.5708 0.785398 data -0.0297466 -0.055251 -0.0785615
location 8000 8000 0 angles 0 0.785398 1.5708 0.785398 data -0.0562439 0.0305507 -0.0904296
location 8000 8000 0 angles 0.785398 0.785398 1.5708 0.785398 data -0.0444899 -0.00164349 -0.0834487
location 8000 8000 0 angles 1.5708 0.785398 1.5708 0.785398 data 5.48627e-06 -0.0209095 -0.0542409
location 8000 8000 0 angles 0 1.5708 1.5708 0.785398 data -0.05306 0.0885743 -0.0434439
location 8000 8000 0 angles 0.785398 1.5708 1.5708 0.785398 data -0.0412377 0.0553059 -0.0374767
location 8000 8000 0 angles 1.5708 1.5708 1.5708 0.785398 data 0.00282508 0.0360007 -0.00953324
location 8000 8000 0 angles 0 0 0 1.5708 data -0.0295284 -0.0491351 -0.134649
location 8000 8000 0 angles 0.785398 0 0 1.5708 data -0.0178587 -0.082041 -0.127986
location 8000 8000 0 angles 1.5708 0 0 1.5708 data 0.0275656 -0.100436 -0.0987441
location 8000 8000 0 angles 0 0.785398 0 1.5708 data 0.00233883 -0.0144158 -0.110275
location 8000 8000 0 angles 0.785398 0.785398 0 1.5708 data 0.0140982 -0.0469291 -0.103788
location 8000 8000 0 angles 1.5708 0.785398 0 1.5708 data 0.058216 -0.0658186 -0.0750133
location 8000 8000 0 angles 0 1.5708 0 1.5708 data 0.00429058 0.0451371 -0.0615664
location 8000 8000 0 angles 0.785398 1.5708 0 1.5708 data 0.0159703 0.0130755 -0.0547754
location 8000 8000 0 angles 1.5708 1.5708 0 1.5708 data 0.059313 -0.00629207 -0.0269606
location 8000 8000 0 angles 0 0 0.785398 1.5708 data -0.0524315 -0.0331426 -0.122443
location 8000 8000 0 angles 0.785398 0 0.785398 1.5708 data -0.0407281 -0.0657296 -0.115716
location 8000 8000 0 angles 1.5708 0 0.785398 1.5708 data 0.00457509 -0.0849456 -0.086047
location 8000 8000 0 angles 0 0.785398 0.785398 1.5708 data -0.0213721 0.000899002 -0.0976103
location 8000 8000 0 angles 0.785398 0.785398 0.785398 1.5708 data -0.00952353 -0.0311771 -0.0907015
location 8000 8000 0 angles 1.5708 0.785398 0.785398 1.5708 data 0.0342377 -0.0501974 -0.0617183
location 8000 8000 0 angles 0 1.5708 0.785398 1.5708 data -0.0191847 0.0599372 -0.0493179
location 8000 8000 0 angles 0.785398 1.5708 0.785398 1.5708 data -0.00744755 0.0276059 -0.0425418
location 8000 8000 0 angles 1.5708 1.5708 0.785398 1.5708 data 0.0357649 0.0079711 -0.015256
location 8000 8000 0 angles 0 0 1.5708 1.5708 data -0.0919595 -0.0358564 -0.100213
location 8000 8000 0 angles 0.785398 0 1.5708 1.5708 data -0.0801147 -0.0683562 -0.0935023
location 8000 8000 0 angles 1.5708 0 1.5708 1.5708 data -0.0356301 -0.0871182 -0.0645735
location 8000 8000 0 angles 0 0.785398 1.5708 1.5708 data -0.0609693 -0.00238018 -0.0757648
location 8000 8000 0 angles 0.785398 0.785398 1.5708 1.5708 data -0.0493585 -0.0343542 -0.0686919
location 8000 8000 0 angles 1.5708 0.785398 1.5708 1.5708 data -0.00582836 -0.0525378 -0.040764
location 8000 8000 0 angles 0 1.5708 1.5708 1.5708 data -0.0575881 0.0561217 -0.028953
location 8000 8000 0 angles 0.785398 1.5708 1.5708 1.5708 data -0.0457871 0.0239183 -0.0223454
location 8000 8000 0 angles 1.5708 1.5708 1.5708 1.5708 data -0.0025421 0.00337633 0.000281439
location 8000 8000 0 angles 0 0 0 0 data -0.0101993 -0.00302901 -0.157039
location 8000 0 0 angles 0 0 0 0 data -0.0125327 0.000248364 -0.150208
location 8000 0 0 angles 0.785398 0 0 0 data 0.0109536 -0.0310288 -0.137876
location 8000 0 0 angles 1.5708 0 0 0 data 0.0610382 -0.0409126 -0.104278
location 8000 0 0 angles 0 0.785398 0 0 data 0.0152514 0.0281729 -0.133609
location 8000 0 0 angles 0.785398 0.785398 0 0 data 0.0350686 -0.00199859 -0.120999
location 8000 0 0 angles 1.5708 0.785398 0 0 data 0.0854976 -0.0122061 -0.0871702
location 8000 0 0 angles 0 1.5708 0 0 data 0.016326 0.0763574 -0.100758
location 8000 0 0 angles 0.785398 1.5708 0 0 data 0.0364547 0.0463732 -0.0884463
location 8000 0 0 angles 1.5708 1.5708 0 0 data 0.0858949 0.0362873 -0.0553296
location 8000 0 0 angles 0 0 0.785398 0 data -0.0293673 0.0222955 -0.140196
location 8000 0 0 angles 0.785398 0 0.785398 0 data -0.00922685 -0.00908056 -0.12774
location 8000 0 0 angles 1.5708 0 0.785398 0 data 0.0411348 -0.0192834 -0.0939166
location 8000 0 0 angles 0 0.785398 0.785398 0 data -0.00537486 0.0485043 -0.123333
location 8000 0 0 angles 0.785398 0.785398 0.785398 0 data 0.0147983 0.018544 -0.110911
location 8000 0 0 angles 1.5708 0.785398 0.785398 0 data 0.0654427 0.00842839 -0.0769634
location 8000 0 0 angles 0 1.5708 0.785398 0 data -0.0037453 0.0971673 -0.0907171
location 8000 0 0 angles 0.785398 1.5708 0.785398 0 data 0.0163622 0.067079 -0.0781751
location 8000 0 0 angles 1.5708 1.5708 0.785398 0 data 0.0655061 0.0560539 -0.0456805
location 8000 0 0 angles 0 0 1.5708 0 data -0.0701896 0.0258134 -0.117546
location 8000 0 0 angles 0.785398 0 1.5708 0 data -0.0501031 -0.00567319 -0.105109
location 8000 0 0 angles 1.5708 0 1.5708 0 data 0.000663199 -0.0159085 -0.0712441
location 8000 0 0 angles 0 0.785398 1.5708 0 data -0.0466836 0.0516044 -0.100886
location 8000 0 0 angles 0.785398 0.785398 1.5708 0 data -0.0265609 0.0216852 -0.0883808
location 8000 0 0 angles 1.5708 0.785398 1.5708 0 data 0.0232318 0.0112167 -0.055559
location 8000 0 0 angles 0 1.5708 1.5708 0 data -0.0447876 0.0997628 -0.0687253
location 8000 0 0 angles 0.785398 1.5708 1.5708 0 data -0.0244495 0.0697471 -0.0559714
location 8000 0 0 angles 1.5708 1.5708 1.5708 0 data 0.0241552 0.0581304 -0.0248757
location 8000 0 0 angles 0 0 0 0.785398 data -0.0322358 -0.0163291 -0.141345
location 8000 0 0 angles 0.785398 0 0 0.785398 data -0.0119837 -0.0468167 -0.12899
location 8000 0 0 angles 1.5708 0 0 0.785398 data 0.0387117 -0.0572483 -0.0953048
location 8000 0 0 angles 0 0.785398 0 0.785398 data -0.0075007 0.011325 -0.124309
location 8000 0 0 angles 0.785398 0.785398 0 0.785398 data 0.0126769 -0.0184776 -0.111977
location 8000 0 0 angles 1.5708 0.785398 0 0.785398 data 0.0633069 -0.0289564 -0.0781282
location 8000 0 0 angles 0 1.5708 0 0.785398 data -0.0059628 0.0595459 -0.0914948
location 8000 0 0 angles 0.785398 1.5708 0 0.785398 data 0.0140865 0.0291609 -0.0793566
location 8000 0 0 angles 1.5708 1.5708 0 0.785398 data 0.0633327 0.0190622 -0.0467685
location 8000 0 0 angles 0 0 0.785398 0.785398 data -0.0510531 0.00376812 -0.131264
location 8000 0 0 angles 0.785398 0 0.785398 0.785398 data -0.0308234 -0.0267297 -0.118977
location 8000 0 0 angles 1.5708 0 0.785398 0.785398 data 0.0199493 -0.0369801 -0.0850086
location 8000 0 0 angles 0 0.785398 0.785398 0.785398 data 0.10595 -0.00852602 -0.103004
location 8000 0 0 angles 0.785398 0.785398 0.785398 0.785398 data -0.00289112 0.00073083 -0.102077
location 8000 0 0 angles 1.5708 0.785398 0.785398 0.785398 data 0.0435432 -0.00952057 -0.0683058
location 8000 0 0 angles 0 1.5708 0.785398 0.785398 data 0.0843992 0.0438769 -0.0801942
location 8000 0 0 angles 0.785398 1.5708 0.785398 0.785398 data -0.00288585 0.0481592 -0.0697024
location 8000 0 0 angles 1.5708 1.5708 0.785398 0.785398 data 0.0431847 0.0380041 -0.0374957
location 8000 0 0 angles 0 0 1.5708 0.785398 data -0.0919871 0.0069336 -0.108667
location 8000 0 0 angles 0.785398 0 1.5708 0.785398 data -0.0719056 -0.0232498 -0.0962075
location 8000 0 0 angles 1.5708 0 1.5708 0.785398 data -0.0206051 -0.0333873 -0.0623591
location 8000 0 0 angles 0 0.785398 1.5708 0.785398 data -0.0682726 0.0344404 -0.091881
location 8000 0 0 angles 0.785398 0.785398 1.5708 0.785398 data -0.0480322 0.00442715 -0.0793907
location 8000 0 0 angles 1.5708 0.785398 1.5708 0.785398 data 0.00165215 -0.00582211 -0.0461977
location 8000 0 0 angles 0 1.5708 1.5708 0.785398 data -0.0654925 0.0816089 -0.0603162
location 8000 0 0 angles 0.785398 1.5708 1.5708 0.785398 data -0.0454249 0.0506377 -0.0483697
location 8000 0 0 angles 1.5708 1.5708 1.5708 0.785398 data 0.00405165 0.0400073 -0.016698
location 8000 0 0 angles 0 0 0 1.5708 data -0.0397378 -0.0574482 -0.118446
location 8000 0 0 angles 0.785398 0 0 1.5708 data -0.019174 -0.088004 -0.106213
location 8000 0 0 angles 1.5708 0 0 1.5708 data 0.0313738 -0.0968641 -0.0731081
location 8000 0 0 angles 0 0.785398 0 1.5708 data -0.0153006 -0.0292867 -0.102066
location 8000 0 0 angles 0.785398 0.785398 0 1.5708 data 0.0054816 -0.0593328 -0.089988
location 8000 0 0 angles 1.5708 0.785398 0 1.5708 data 0.0540735 -0.0692469 -0.0575455
location 8000 0 0 angles 0 1.5708 0 1.5708 data -0.0137948 0.0195685 -0.0693479
location 8000 0 0 angles 0.785398 1.5708 0 1.5708 data 0.00666275 -0.0103746 -0.0568221
location 8000 0 0 angles 1.5708 1.5708 0 1.5708 data 0.0548293 -0.0205315 -0.025231
location 8000 0 0 angles 0 0 0.785398 1.5708 data -0.0585071 -0.0371123 -0.109014
location 8000 0 0 angles 0.785398 0 0.785398 1.5708 data -0.0381085 -0.0675002 -0.0964586
location 8000 0 0 angles 1.5708 0 0.785398 1.5708 data 0.0122926 -0.0775217 -0.0629592
location 8000 0 0 angles 0 0.785398 0.785398 1.5708 data -0.0347587 -0.00968512 -0.0920979
location 8000 0 0 angles 0.785398 0.785398 0.785398 1.5708 data -0.0149667 -0.0397489 -0.0795691
location 8000 0 0 angles 1.5708 0.785398 0.785398 1.5708 data 0.0349772 -0.049722 -0.0474359
location 8000 0 0 angles 0 1.5708 0.785398 1.5708 data -0.0332726 0.0387564 -0.0596915
location 8000 0 0 angles 0.785398 1.5708 0.785398 1.5708 data -0.012881 0.00870286 -0.047029
location 8000 0 0 angles 1.5708 1.5708 0.785398 1.5708 data 0.0355381 -0.00224509 -0.0159322
location 8000 0 0 angles 0 0 1.5708 1.5708 data -0.0985022 -0.0332887 -0.0869558
location 8000 0 0 angles 0.785398 0 1.5708 1.5708 data -0.0782214 -0.0635327 -0.0745364
location 8000 0 0 angles 1.5708 0 1.5708 1.5708 data -0.0284555 -0.073141 -0.0418688
location 8000 0 0 angles 0 0.785398 1.5708 1.5708 data -0.0748808 -0.00626887 -0.0702916
location 8000 0 0 angles 0.785398 0.785398 1.5708 1.5708 data -0.0544891 -0.0360468 -0.0577906
location 8000 0 0 angles 1.5708 0.785398 1.5708 1.5708 data -0.00590603 -0.0452171 -0.0262135
location 8000 0 0 angles 0 1.5708 1.5708 1.5708 data -0.071997 0.041381 -0.0391163
location 8000 0 0 angles 0.785398 1.5708 1.5708 1.5708 data -0.0516344 0.0113949 -0.0267684
location 8000 0 0 angles 1.5708 1.5708 1.5708 1.5708 data -0.00338197 0.00055476 7.6408e-05
location 8000 0 0 angles 0 0 0 0 data -0.0123928 -0.000215013 -0.150229
location 8000 -8000 0 angles 0 0 0 0 data -0.0122278 0.00264868 -0.150546
location 8000 -8000 0 angles 0.785398 0 0 0 data 0.0173867 -0.0234064 -0.132892
location 8000 -8000 0 angles 1.5708 0 0 0 data 0.0695447 -0.0225968 -0.0976398
location 8000 -8000 0 angles 0 0.785398 0 0 data 0.00915489 0.02498 -0.139067
location 8000 -8000 0 angles 0.785398 0.785398 0 0 data 0.0365592 0.000391689 -0.121419
location 8000 -8000 0 angles 1.5708 0.785398 0 0 data 0.0887332 0.000712729 -0.08606
location 8000 -8000 0 angles 0 1.5708 0 0 data 0.00987102 0.0640669 -0.116807
location 8000 -8000 0 angles 0.785398 1.5708 0 0 data 0.0374321 0.0395808 -0.0992846
location 8000 -8000 0 angles 1.5708 1.5708 0 0 data 0.0886934 0.0396871 -0.0644706
location 8000 -8000 0 angles 0 0 0.785398 0 data -0.0247936 0.0268723 -0.143923
location 8000 -8000 0 angles 0.785398 0 0.785398 0 data 0.00330656 0.00136715 -0.126293
location 8000 -8000 0 angles 1.5708 0 0.785398 0 data 0.0555938 0.00161595 -0.0908265
location 8000 -8000 0 angles 0 0.785398 0.785398 0 data -0.00583379 0.0480927 -0.132196
location 8000 -8000 0 angles 0.785398 0.785398 0.785398 0 data 0.0217786 0.02353 -0.114686
location 8000 -8000 0 angles 1.5708 0.785398 0.785398 0 data 0.0744732 0.0241148 -0.0791323
location 8000 -8000 0 angles 0 1.5708 0.785398 0 data -0.00462105 0.0874341 -0.110021
location 8000 -8000 0 angles 0.785398 1.5708 0.785398 0 data 0.0230493 0.0626771 -0.0924294
location 8000 -8000 0 angles 1.5708 1.5708 0.785398 0 data 0.0743346 0.0623065 -0.0583327
location 8000 -8000 0 angles 0 0 1.5708 0 data -0.0637055 0.0369641 -0.122541
location 8000 -8000 0 angles 0.785398 0 1.5708 0 data -0.0358136 0.0113 -0.104893
location 8000 -8000 0 angles 1.5708 0 1.5708 0 data 0.0168837 0.0118351 -0.0695212
location 8000 -8000 0 angles 0 0.785398 1.5708 0 data -0.0452281 0.0578102 -0.111244
location 8000 -8000 0 angles 0.785398 0.785398 1.5708 0 data -0.017581 0.0332972 -0.0934488
location 8000 -8000 0 angles 1.5708 0.785398 1.5708 0 data 0.034661 0.0337325 -0.0581293
location 8000 -8000 0 angles 0 1.5708 1.5708 0 data -0.0437351 0.0966769 -0.0893411
location 8000 -8000 0 angles 0.785398 1.5708 1.5708 0 data -0.01587 0.0720133 -0.071771
location 8000 -8000 0 angles 1.5708 1.5708 1.5708 0 data 0.0348215 0.0709142 -0.038494
location 8000 -8000 0 angles 0 0 0 0.785398 data -0.0398952 -0.0177817 -0.137739
location 8000 -8000 0 angles 0.785398 0 0 0.785398 data -0.0118592 -0.0428163 -0.120262
location 8000 -8000 0 angles 1.5708 0 0 0.785398 data 0.0405999 -0.0424273 -0.0846993
location 8000 -8000 0 angles 0 0.785398 0 0.785398 data -0.0204167 0.00421949 -0.126173
location 8000 -8000 0 angles 0.785398 0.785398 0 0.785398 data 0.00728854 -0.0200124 -0.108712
location 8000 -8000 0 angles 1.5708 0.785398 0 0.785398 data 0.0599265 -0.0197404 -0.0731991
location 8000 -8000 0 angles 0 1.5708 0 0.785398 data -0.0190967 0.0433856 -0.103912
location 8000 -8000 0 angles 0.785398 1.5708 0 0.785398 data 0.00853667 0.0185434 -0.0864991
location 8000 -8000 0 angles 1.5708 1.5708 0 0.785398 data 0.059701 0.0187588 -0.0522443
location 8000 -8000 0 angles 0 0 0.785398 0.785398 data -0.0530338 0.00459631 -0.130936
location 8000 -8000 0 angles 0.785398 0 0.785398 0.785398 data -0.0253402 -0.0199462 -0.113315
location 8000 -8000 0 angles 1.5708 0 0.785398 0.785398 data 0.0274265 -0.0195709 -0.077891
location 8000 -8000 0 angles 0 0.785398 0.785398 0.785398 data -0.0344334 0.0266405 -0.119319
location 8000 -8000 0 angles 0.785398 0.785398 0.785398 0.785398 data -0.00487084 0.001742 -0.101934
location 8000 -8000 0 angles 1.5708 0.785398 0.785398 0.785398 data 0.0455445 0.00217296 -0.0666776
location 8000 -8000 0 angles 0 1.5708 0.785398 0.785398 data -0.00242461 0.0547354 -0.0975485
location 8000 -8000 0 angles 0.785398 1.5708 0.785398 0.785398 data -0.00376752 0.0404264 -0.0797973
location 8000 -8000 0 angles 1.5708 1.5708 0.785398 0.785398 data 0.0452236 0.0403509 -0.0461174
location 8000 -8000 0 angles 0 0 1.5708 0.785398 data -0.0923142 0.0146853 -0.109476
location 8000 -8000 0 angles 0.785398 0 1.5708 0.785398 data -0.0645824 -0.0100271 -0.0921044
location 8000 -8000 0 angles 1.5708 0 1.5708 0.785398 data -0.0114215 -0.0097516 -0.0566064
location 8000 -8000 0 angles 0 0.785398 1.5708 0.785398 data -0.0737176 0.0365134 -0.0982205
location 8000 -8000 0 angles 0.785398 0.785398 1.5708 0.785398 data -0.0459574 0.0120281 -0.0806271
location 8000 -8000 0 angles 1.5708 0.785398 1.5708 0.785398 data 0.00587899 0.0123266 -0.0458648
location 8000 -8000 0 angles 0 1.5708 1.5708 0.785398 data -0.0710492 0.0744582 -0.0770649
location 8000 -8000 0 angles 0.785398 1.5708 1.5708 0.785398 data -0.0365622 0.0494447 -0.0597575
location 8000 -8000 0 angles 1.5708 1.5708 1.5708 0.785398 data 0.00726156 0.0490733 -0.0263287
location 8000 -8000 0 angles 0 0 0 1.5708 data -0.0499034 -0.0686859 -0.104433
location 8000 -8000 0 angles 0.785398 0 0 1.5708 data -0.0218098 -0.093537 -0.0869036
location 8000 -8000 0 angles 1.5708 0 0 1.5708 data 0.0307291 -0.091527 -0.0523812
location 8000 -8000 0 angles 0 0.785398 0 1.5708 data -0.0307412 -0.0457088 -0.0937481
location 8000 -8000 0 angles 0.785398 0.785398 0 1.5708 data -0.00315275 -0.0699787 -0.076333
location 8000 -8000 0 angles 1.5708 0.785398 0 1.5708 data 0.0484003 -0.0695772 -0.0422662
location 8000 -8000 0 angles 0 1.5708 0 1.5708 data -0.0295547 -0.00599061 -0.0716558
location 8000 -8000 0 angles 0.785398 1.5708 0 1.5708 data -0.0015 -0.0304524 -0.0539489
location 8000 -8000 0 angles 1.5708 1.5708 0 1.5708 data 0.048646 -0.0303494 -0.0206892
location 8000 -8000 0 angles 0 0 0.785398 1.5708 data -0.0634047 -0.0454715 -0.0983465
location 8000 -8000 0 angles 0.785398 0 0.785398 1.5708 data -0.0353451 -0.0703841 -0.0807614
location 8000 -8000 0 angles 1.5708 0 0.785398 1.5708 data 0.0171105 -0.0694164 -0.0455261
location 8000 -8000 0 angles 0 0.785398 0.785398 1.5708 data -0.0446668 -0.0236154 -0.0867776
location 8000 -8000 0 angles 0.785398 0.785398 0.785398 1.5708 data -0.0169856 -0.0479312 -0.0693139
location 8000 -8000 0 angles 1.5708 0.785398 0.785398 1.5708 data 0.0342331 -0.0475468 -0.0351159
location 8000 -8000 0 angles 0 1.5708 0.785398 1.5708 data -0.0433802 0.0155897 -0.064867
location 8000 -8000 0 angles 0.785398 1.5708 0.785398 1.5708 data -0.0155257 -0.00881349 -0.0473077
location 8000 -8000 0 angles 1.5708 1.5708 0.785398 1.5708 data 0.0346477 -0.00905111 -0.0144402
location 8000 -8000 0 angles 0 0 1.5708 1.5708 data -0.101451 -0.0350824 -0.0778989
location 8000 -8000 0 angles 0.785398 0 1.5708 1.5708 data -0.0735379 -0.0596328 -0.0602038
location 8000 -8000 0 angles 1.5708 0 1.5708 1.5708 data -0.0217993 -0.0590689 -0.0258132
location 8000 -8000 0 angles 0 0.785398 1.5708 1.5708 data -0.0831249 -0.0134175 -0.0666193
location 8000 -8000 0 angles 0.785398 0.785398 1.5708 1.5708 data -0.0552455 -0.03774 -0.0489221
location 8000 -8000 0 angles 1.5708 0.785398 1.5708 1.5708 data -0.00461595 -0.0366337 -0.0159494
location 8000 -8000 0 angles 0 1.5708 1.5708 1.5708 data -0.0803485 0.0249224 -0.045642
location 8000 -8000 0 angles 0.785398 1.5708 1.5708 1.5708 data -0.0524904 0.000444181 -0.0280912
location 8000 -8000 0 angles 1.5708 1.5708 1.5708 1.5708 data -0.00242297 0.000967455 0.000377208
location 8000 -8000 0 angles 0 0 0 0 data -0.0121995 0.00239 -0.150363
location 0 -8000 0 angles 0 0 0 0 data -0.00893543 0.00369556 -0.148956
location 0 -8000 0 angles 0.785398 0 0 0 data 0.0152313 -0.0183076 -0.13722
location 0 -8000 0 angles 1.5708 0 0 0 data 0.0573879 -0.0178398 -0.11358
location 0 -8000 0 angles 0 0.785398 0 0 data 0.0160698 0.0201713 -0.14093
location 0 -8000 0 angles 0.785398 0.785398 0 0 data 0.0377062 0.000964658 -0.12895
location 0 -8000 0 angles 1.5708 0.785398 0 0 data 0.0799276 0.000920558 -0.104935
location 0 -8000 0 angles 0 1.5708 0 0 data 0.0234337 0.0582821 -0.11955
location 0 -8000 0 angles 0.785398 1.5708 0 0 data 0.0453632 0.0392983 -0.107702
location 0 -8000 0 angles 1.5708 1.5708 0 0 data 0.0869728 0.0389744 -0.0841661
location 0 -8000 0 angles 0 0 0.785398 0 data -0.023864 0.0334733 -0.13972
location 0 -8000 0 angles 0.785398 0 0.785398 0 data -0.00151201 0.0135487 -0.127959
location 0 -8000 0 angles 1.5708 0 0.785398 0 data 0.0407075 0.0134263 -0.10388
location 0 -8000 0 angles 0 0.785398 0.785398 0 data -0.00181808 0.0500912 -0.1311
location 0 -8000 0 angles 0.785398 0.785398 0.785398 0 data 0.0203818 0.0310916 -0.11926
location 0 -8000 0 angles 1.5708 0.785398 0.785398 0 data 0.0628451 0.0309799 -0.0951906
location 0 -8000 0 angles 0 1.5708 0.785398 0 data 0.00614063 0.088578 -0.109952
location 0 -8000 0 angles 0.785398 1.5708 0.785398 0 data 0.0282198 0.0692595 -0.0979774
location 0 -8000 0 angles 1.5708 1.5708 0.785398 0 data 0.0695871 0.0684973 -0.074931
location 0 -8000 0 angles 0 0 1.5708 0 data -0.0719842 0.0469578 -0.108835
location 0 -8000 0 angles 0.785398 0 1.5708 0 data -0.0495427 0.0267527 -0.0969271
location 0 -8000 0 angles 1.5708 0 1.5708 0 data -0.0070314 0.0267889 -0.0729858
location 0 -8000 0 angles 0 0.785398 1.5708 0 data -0.0502614 0.0634263 -0.100286
location 0 -8000 0 angles 0.785398 0.785398 1.5708 0 data -0.0281003 0.0442315 -0.0884988
location 0 -8000 0 angles 1.5708 0.785398 1.5708 0 data 0.0142117 0.0443449 -0.0645129
location 0 -8000 0 angles 0 1.5708 1.5708 0 data -0.0419456 0.101152 -0.0796512
location 0 -8000 0 angles 0.785398 1.5708 1.5708 0 data -0.0199632 0.0819626 -0.0677812
location 0 -8000 0 angles 1.5708 1.5708 1.5708 0 data 0.0209735 0.0806501 -0.0455021
location 0 -8000 0 angles 0 0 0 0.785398 data -0.0313013 -0.0257781 -0.131452
location 0 -8000 0 angles 0.785398 0 0 0.785398 data -0.00912186 -0.0451373 -0.119723
location 0 -8000 0 angles 1.5708 0 0 0.785398 data 0.0335559 -0.0450501 -0.0957425
location 0 -8000 0 angles 0 0.785398 0 0.785398 data -0.00860896 -0.00806133 -0.123015
location 0 -8000 0 angles 0.785398 0.785398 0 0.785398 data 0.0133643 -0.0271181 -0.111229
location 0 -8000 0 angles 1.5708 0.785398 0 0.785398 data 0.0559471 -0.0273687 -0.0871386
location 0 -8000 0 angles 0 1.5708 0 0.785398 data -0.000513839 0.0300386 -0.101759
location 0 -8000 0 angles 0.785398 1.5708 0 0.785398 data 0.021657 0.0108529 -0.0899756
location 0 -8000 0 angles 1.5708 1.5708 0 0.785398 data 0.0626682 0.0106544 -0.0669545
location 0 -8000 0 angles 0 0 0.785398 0.785398 data -0.0474397 0.00352327 -0.121844
location 0 -8000 0 angles 0.785398 0 0.785398 0.785398 data -0.0253072 -0.0157029 -0.110068
location 0 -8000 0 angles 1.5708 0 0.785398 0.785398 data 0.0174901 -0.0156536 -0.0859347
location 0 -8000 0 angles 0 0.785398 0.785398 0.785398 data -0.0256068 0.020932 -0.113415
location 0 -8000 0 angles 0.785398 0.785398 0.785398 0.785398 data -0.00340024 0.00194555 -0.101383
location 0 -8000 0 angles 1.5708 0.785398 0.785398 0.785398 data 0.0390862 0.00188927 -0.0774412
location 0 -8000 0 angles 0 1.5708 0.785398 0.785398 data -0.000831259 0.0526199 -0.0924748
location 0 -8000 0 angles 0.785398 1.5708 0.785398 0.785398 data 0.00564533 0.0392884 -0.0806301
location 0 -8000 0 angles 1.5708 1.5708 0.785398 0.785398 data 0.0457084 0.039037 -0.057476
location 0 -8000 0 angles 0 0 1.5708 0.785398 data -0.0956617 0.0168526 -0.0908555
location 0 -8000 0 angles 0.785398 0 1.5708 0.785398 data -0.0734866 -0.00230811 -0.0790543
location 0 -8000 0 angles 1.5708 0 1.5708 0.785398 data -0.0304718 -0.00238479 -0.0552309
location 0 -8000 0 angles 0 0.785398 1.5708 0.785398 data -0.0738372 0.0341825 -0.0825917
location 0 -8000 0 angles 0.785398 0.785398 1.5708 0.785398 data -0.0515898 0.0151429 -0.0706573
location 0 -8000 0 angles 1.5708 0.785398 1.5708 0.785398 data -0.00959232 0.0149066 -0.0471917
location 0 -8000 0 angles 0 1.5708 1.5708 0.785398 data -0.0642926 0.0713363 -0.0625661
location 0 -8000 0 angles 0.785398 1.5708 1.5708 0.785398 data -0.0410974 0.0519992 -0.0508658
location 0 -8000 0 angles 1.5708 1.5708 1.5708 0.785398 data -0.00095928 0.0508661 -0.0286665
location 0 -8000 0 angles 0 0 0 1.5708 data -0.0317069 -0.0786683 -0.0964282
location 0 -8000 0 angles 0.785398 0 0 1.5708 data -0.00933726 -0.0979582 -0.0845329
location 0 -8000 0 angles 1.5708 0 0 1.5708 data 0.032979 -0.0963505 -0.0617126
location 0 -8000 0 angles 0 0.785398 0 1.5708 data -0.00939518 -0.0604816 -0.0888052
location 0 -8000 0 angles 0.785398 0.785398 0 1.5708 data 0.0122075 -0.0792309 -0.0773272
location 0 -8000 0 angles 1.5708 0.785398 0 1.5708 data 0.0538488 -0.07921 -0.0542534
location 0 -8000 0 angles 0 1.5708 0 1.5708 data -0.00144685 -0.0215243 -0.0676415
location 0 -8000 0 angles 0.785398 1.5708 0 1.5708 data 0.0207211 -0.0406766 -0.0556971
location 0 -8000 0 angles 1.5708 1.5708 0 1.5708 data 0.0611419 -0.0408344 -0.0333559
location 0 -8000 0 angles 0 0 0.785398 1.5708 data -0.0480178 -0.0490709 -0.0875602
location 0 -8000 0 angles 0.785398 0 0.785398 1.5708 data -0.0257192 -0.0683396 -0.0755403
location 0 -8000 0 angles 1.5708 0 0.785398 1.5708 data 0.0166914 -0.0680982 -0.0518893
location 0 -8000 0 angles 0 0.785398 0.785398 1.5708 data -0.0263348 -0.0316658 -0.0790425
location 0 -8000 0 angles 0.785398 0.785398 0.785398 1.5708 data -0.00417232 -0.0504607 -0.0672813
location 0 -8000 0 angles 1.5708 0.785398 0.785398 1.5708 data 0.0371789 -0.0505958 -0.0440797
location 0 -8000 0 angles 0 1.5708 0.785398 1.5708 data -0.0182122 0.0067572 -0.0580271
location 0 -8000 0 angles 0.785398 1.5708 0.785398 1.5708 data 0.00393662 -0.0123145 -0.0461197
location 0 -8000 0 angles 1.5708 1.5708 0.785398 1.5708 data 0.0442992 -0.013011 -0.0241681
location 0 -8000 0 angles 0 0 1.5708 1.5708 data -0.0951531 -0.0351569 -0.0576151
location 0 -8000 0 angles 0.785398 0 1.5708 1.5708 data -0.0728353 -0.0543311 -0.0456578
location 0 -8000 0 angles 1.5708 0 1.5708 1.5708 data -0.0310795 -0.0538082 -0.0226979
location 0 -8000 0 angles 0 0.785398 1.5708 1.5708 data -0.0735162 -0.0180318 -0.0491502
location 0 -8000 0 angles 0.785398 0.785398 1.5708 1.5708 data -0.0512451 -0.0369306 -0.0373428
location 0 -8000 0 angles 1.5708 0.785398 1.5708 1.5708 data -0.0102509 -0.0360705 -0.015335
location 0 -8000 0 angles 0 1.5708 1.5708 1.5708 data -0.0640987 0.0192101 -0.029613
location 0 -8000 0 angles 0.785398 1.5708 1.5708 1.5708 data -0.0417357 0.000385271 -0.0178747
location 0 -8000 0 angles 1.5708 1.5708 1.5708 1.5708 data -0.00212858 0.000575329 -0.000213038
location 0 -8000 0 angles 0 0 0 0 data -0.00881514 0.00322033 -0.148966
location -8000 -8000 0 angles 0 0 0 0 data -0.00382083 0.000552127 -0.155036
location -8000 -8000 0 angles 0.785398 0 0 0 data 0.0157057 -0.0183914 -0.147225
location -8000 -8000 0 angles 1.5708 0 0 0 data 0.049671 -0.0179715 -0.131019
location -8000 -8000 0 angles 0 0.785398 0 0 data 0.0224108 0.0107422 -0.15086
location -8000 -8000 0 angles 0.785398 0.785398 0 0 data 0.0398439 -0.00440779 -0.142657
location -8000 -8000 0 angles 1.5708 0.785398 0 0 data 0.0736509 -0.00498109 -0.126229
location -8000 -8000 0 angles 0 1.5708 0 0 data 0.0359362 0.0458502 -0.13135
location -8000 -8000 0 angles 0.785398 1.5708 0 0 data 0.0534007 0.0307775 -0.123348
location -8000 -8000 0 angles 1.5708 1.5708 0 0 data 0.0869003 0.0304089 -0.107341
location -8000 -8000 0 angles 0 0 0.785398 0 data -0.0218651 0.0391232 -0.141737
location -8000 -8000 0 angles 0.785398 0 0.785398 0 data -0.00407655 0.023343 -0.133658
location -8000 -8000 0 angles 1.5708 0 0.785398 0 data 0.0299313 0.02289 -0.117369
location -8000 -8000 0 angles 0 0.785398 0.785398 0 data 0.00181572 0.0501682 -0.136581
location -8000 -8000 0 angles 0.785398 0.785398 0.785398 0 data 0.0192802 0.0351206 -0.128375
location -8000 -8000 0 angles 1.5708 0.785398 0.785398 0 data 0.0534948 0.0349666 -0.112028
location -8000 -8000 0 angles 0 1.5708 0.785398 0 data 0.0154495 0.0856141 -0.117353
location -8000 -8000 0 angles 0.785398 1.5708 0.785398 0 data 0.0329097 0.0704224 -0.109235
location -8000 -8000 0 angles 1.5708 1.5708 0.785398 0 data 0.0662953 0.0695708 -0.0935703
location -8000 -8000 0 angles 0 0 1.5708 0 data -0.0804392 0.0573647 -0.0960241
location -8000 -8000 0 angles 0.785398 0 1.5708 0 data -0.0626329 0.0416464 -0.0879437
location -8000 -8000 0 angles 1.5708 0 1.5708 0 data -0.0284434 0.0412012 -0.0717417
location -8000 -8000 0 angles 0 0.785398 1.5708 0 data -0.0573297 0.0685235 -0.0910472
location -8000 -8000 0 angles 0.785398 0.785398 1.5708 0 data -0.0398191 0.0534616 -0.0827706
location -8000 -8000 0 angles 1.5708 0.785398 1.5708 0 data -0.00549942 0.0533416 -0.0664995
location -8000 -8000 0 angles 0 1.5708 1.5708 0 data -0.0433558 0.103405 -0.0722533
location -8000 -8000 0 angles 0.785398 1.5708 1.5708 0 data -0.025591 0.0884729 -0.064274
location -8000 -8000 0 angles 1.5708 1.5708 1.5708 0 data 0.00713353 0.0867314 -0.0494028
location -8000 -8000 0 angles 0 0 0 0.785398 data -0.0188826 -0.0350753 -0.134105
location -8000 -8000 0 angles 0.785398 0 0 0.785398 data -0.00108138 -0.0505718 -0.12602
location -8000 -8000 0 angles 1.5708 0 0 0.785398 data 0.0330364 -0.0506832 -0.109677
location -8000 -8000 0 angles 0 0.785398 0 0.785398 data 0.00527821 -0.0232411 -0.129138
location -8000 -8000 0 angles 0.785398 0.785398 0 0.785398 data 0.0230192 -0.0381795 -0.121089
location -8000 -8000 0 angles 1.5708 0.785398 0 0.785398 data 0.0571694 -0.0383235 -0.104641
location -8000 -8000 0 angles 0 1.5708 0 0.785398 data 0.0192542 0.0122641 -0.109865
location -8000 -8000 0 angles 0.785398 1.5708 0 0.785398 data 0.0369788 -0.00309384 -0.101972
location -8000 -8000 0 angles 1.5708 1.5708 0 0.785398 data 0.0700278 -0.00342723 -0.0862889
location -8000 -8000 0 angles 0 0 0.785398 0.785398 data -0.0379388 0.00340841 -0.120214
location -8000 -8000 0 angles 0.785398 0 0.785398 0.785398 data -0.0203385 -0.0116336 -0.112148
location -8000 -8000 0 angles 1.5708 0 0.785398 0.785398 data 0.0138775 -0.0118974 -0.0957532
location -8000 -8000 0 angles 0 0.785398 0.785398 0.785398 data -0.0146353 0.0152214 -0.115172
location -8000 -8000 0 angles 0.785398 0.785398 0.785398 0.785398 data 0.0030622 0.000418017 -0.106892
location -8000 -8000 0 angles 1.5708 0.785398 0.785398 0.785398 data 0.0371509 6.30793e-05 -0.0906166
location -8000 -8000 0 angles 0 1.5708 0.785398 0.785398 data 0.0758126 0.0333218 -0.0939816
location -8000 -8000 0 angles 0.785398 1.5708 0.785398 0.785398 data 0.0168761 0.0348768 -0.0881522
location -8000 -8000 0 angles 1.5708 1.5708 0.785398 0.785398 data 0.0498125 0.03451 -0.0725131
location -8000 -8000 0 angles 0 0 1.5708 0.785398 data -0.0970074 0.0218494 -0.0744382
location -8000 -8000 0 angles 0.785398 0 1.5708 0.785398 data -0.0794468 0.00681924 -0.0663697
location -8000 -8000 0 angles 1.5708 0 1.5708 0.785398 data -0.0443739 0.00660368 -0.0502512
location -8000 -8000 0 angles 0 0.785398 1.5708 0.785398 data -0.0734364 0.0337874 -0.0695739
location -8000 -8000 0 angles 0.785398 0.785398 1.5708 0.785398 data -0.055804 0.0188682 -0.06142
location -8000 -8000 0 angles 1.5708 0.785398 1.5708 0.785398 data -0.0219424 0.0184173 -0.0455008
location -8000 -8000 0 angles 0 1.5708 1.5708 0.785398 data -0.0580291 0.0680305 -0.0519176
location -8000 -8000 0 angles 0.785398 1.5708 1.5708 0.785398 data -0.040428 0.0524047 -0.0442678
location -8000 -8000 0 angles 1.5708 1.5708 1.5708 0.785398 data -0.00775263 0.0514772 -0.0291524
location -8000 -8000 0 angles 0 0 0 1.5708 data -0.00929135 -0.0865633 -0.0996185
location -8000 -8000 0 angles 0.785398 0 0 1.5708 data 0.00841144 -0.101841 -0.0915772
location -8000 -8000 0 angles 1.5708 0 0 1.5708 data 0.0420906 -0.100649 -0.0762951
location -8000 -8000 0 angles 0 0.785398 0 1.5708 data 0.0143233 -0.0740251 -0.0953728
location -8000 -8000 0 angles 0.785398 0.785398 0 1.5708 data 0.0316876 -0.0887213 -0.0874942
location -8000 -8000 0 angles 1.5708 0.785398 0 1.5708 data 0.0646238 -0.0888985 -0.0718893
location -8000 -8000 0 angles 0 1.5708 0 1.5708 data 0.0278782 -0.0380533 -0.0762899
location -8000 -8000 0 angles 0.785398 1.5708 0 1.5708 data 0.0456036 -0.052874 -0.0680954
location -8000 -8000 0 angles 1.5708 1.5708 0 1.5708 data 0.0781882 -0.0533125 -0.0531598
location -8000 -8000 0 angles 0 0 0.785398 1.5708 data -0.0291195 -0.0476725 -0.0862752
location -8000 -8000 0 angles 0.785398 0 0.785398 1.5708 data -0.0113632 -0.0629391 -0.0782515
location -8000 -8000 0 angles 1.5708 0 0.785398 1.5708 data 0.0226577 -0.0629334 -0.0622599
location -8000 -8000 0 angles 0 0.785398 0.785398 1.5708 data -0.00585782 -0.0360443 -0.0813513
location -8000 -8000 0 angles 0.785398 0.785398 0.785398 1.5708 data 0.0118552 -0.0508573 -0.0732159
location -8000 -8000 0 angles 1.5708 0.785398 0.785398 1.5708 data 0.0449712 -0.0509019 -0.0576259
location -8000 -8000 0 angles 0 1.5708 0.785398 1.5708 data 0.00796682 -0.000668682 -0.0621353
location -8000 -8000 0 angles 0.785398 1.5708 0.785398 1.5708 data 0.0256278 -0.0155629 -0.0541058
location -8000 -8000 0 angles 1.5708 1.5708 0.785398 1.5708 data 0.0580292 -0.016269 -0.0395483
location -8000 -8000 0 angles 0 0 1.5708 1.5708 data -0.086537 -0.0289015 -0.0419891
location -8000 -8000 0 angles 0.785398 0 1.5708 1.5708 data -0.0688199 -0.0441786 -0.0339167
location -8000 -8000 0 angles 1.5708 0 1.5708 1.5708 data -0.0353145 -0.0438933 -0.0183494
location -8000 -8000 0 angles 0 0.785398 1.5708 1.5708 data -0.0636023 -0.0172617 -0.0369714
location -8000 -8000 0 angles 0.785398 0.785398 1.5708 1.5708 data -0.0457906 -0.0321435 -0.0288552
location -8000 -8000 0 angles 1.5708 0.785398 1.5708 1.5708 data -0.0127984 -0.0315348 -0.014468
location -8000 -8000 0 angles 0 1.5708 1.5708 1.5708 data -0.0478614 0.0171124 -0.0198837
location -8000 -8000 0 angles 0.785398 1.5708 1.5708 1.5708 data -0.0302603 0.00233208 -0.0120754
location -8000 -8000 0 angles 1.5708 1.5708 1.5708 1.5708 data 0.000484002 0.00200512 -0.00152962
location -8000 -8000 0 angles 0 0 0 0 data -0.00386806 6.94969e-05 -0.154918
location -8000 -8000 8000 angles 0 0 0 0 data 0.0098103 0.00520269 -0.142524
location -8000 -8000 8000 angles 0.785398 0 0 0 data 0.03262 -0.0165461 -0.135936
location -8000 -8000 8000 angles 1.5708 0 0 0 data 0.0730992 -0.0156667 -0.122492
location -8000 -8000 8000 angles 0 0.785398 0 0 data 0.0401077 0.0172775 -0.139582
location -8000 -8000 8000 angles 0.785398 0.785398 0 0 data 0.0605296 0.000221049 -0.132591
location -8000 -8000 8000 angles 1.5708 0.785398 0 0 data 0.10054 -0.000194609 -0.119001
location -8000 -8000 8000 angles 0 1.5708 0 0 data 0.055373 0.0596224 -0.12309
location -8000 -8000 8000 angles 0.785398 1.5708 0 0 data 0.0761445 0.042755 -0.116142
location -8000 -8000 8000 angles 1.5708 1.5708 0 0 data 0.115523 0.0425612 -0.102837
location -8000 -8000 8000 angles 0 0 0.785398 0 data -0.0142179 0.0514292 -0.130101
location -8000 -8000 8000 angles 0.785398 0 0.785398 0 data 0.0064829 0.0337998 -0.122966
location -8000 -8000 8000 angles 1.5708 0 0.785398 0 data 0.0467018 0.0337621 -0.109621
location -8000 -8000 8000 angles 0 0.785398 0.785398 0 data 0.0127842 0.064824 -0.126048
location -8000 -8000 8000 angles 0.785398 0.785398 0.785398 0 data 0.0334949 0.0480088 -0.119126
location -8000 -8000 8000 angles 1.5708 0.785398 0.785398 0 data 0.0738574 0.0479122 -0.105602
location -8000 -8000 8000 angles 0 1.5708 0.785398 0 data 0.0284379 0.107512 -0.109913
location -8000 -8000 8000 angles 0.785398 1.5708 0.785398 0 data 0.049175 0.0906116 -0.102841
location -8000 -8000 8000 angles 1.5708 1.5708 0.785398 0 data 0.0883636 0.0897933 -0.0900217
location -8000 -8000 8000 angles 0 0 1.5708 0 data -0.093811 0.0737205 -0.0855184
location -8000 -8000 8000 angles 0.785398 0 1.5708 0 data -0.0727007 0.0559397 -0.0786456
location -8000 -8000 8000 angles 1.5708 0 1.5708 0 data -0.0323882 0.0559417 -0.0651647
location -8000 -8000 8000 angles 0 0.785398 1.5708 0 data -0.0672078 0.0870115 -0.0816169
location -8000 -8000 8000 angles 0.785398 0.785398 1.5708 0 data -0.0464501 0.0700612 -0.0748328
location -8000 -8000 8000 angles 1.5708 0.785398 1.5708 0 data -0.00608111 0.0700018 -0.061365
location -8000 -8000 8000 angles 0 1.5708 1.5708 0 data -0.0510246 0.129099 -0.0660378
location -8000 -8000 8000 angles 0.785398 1.5708 1.5708 0 data -0.0302482 0.112069 -0.0591248
location -8000 -8000 8000 angles 1.5708 1.5708 1.5708 0 data 0.00865119 0.110521 -0.0468353
location -8000 -8000 8000 angles 0 0 0 0.785398 data -0.00715794 -0.0400758 -0.122472
location -8000 -8000 8000 angles 0.785398 0 0 0.785398 data 0.0137924 -0.0573613 -0.115541
location -8000 -8000 8000 angles 1.5708 0 0 0.785398 data 0.0540447 -0.0574624 -0.102027
location -8000 -8000 8000 angles 0 0.785398 0 0.785398 data 0.0204489 -0.0260463 -0.118805
location -8000 -8000 8000 angles 0.785398 0.785398 0 0.785398 data 0.041161 -0.0428155 -0.111857
location -8000 -8000 8000 angles 1.5708 0.785398 0 0.785398 data 0.081633 -0.0427702 -0.0984894
location -8000 -8000 8000 angles 0 1.5708 0 0.785398 data 0.0362822 0.0168199 -0.102474
location -8000 -8000 8000 angles 0.785398 1.5708 0 0.785398 data 0.0571103 -3.0386e-05 -0.095442
