location 0 0 0 angles 0 0 0 0 data -0.00656704 0.00386142 -0.14857
location 0 0 0 angles 0.0872665 0.0872665 0.0872665 0.0872665 data -0.00439183 0.00336843 -0.148692
location 0 0 0 angles 0.174533 0.174533 0.174533 0.174533 data -0.00475516 0.00366347 -0.146552
location 0 0 0 angles 0.261799 0.261799 0.261799 0.261799 data -0.00497171 0.00338933 -0.143301
location 0 0 0 angles 0.349066 0.349066 0.349066 0.349066 data -0.00520521 0.00334375 -0.138596
location 0 0 0 angles 0.436332 0.436332 0.436332 0.436332 data -0.00531529 0.00321671 -0.132603
location 0 0 0 angles 0.523599 0.523599 0.523599 0.523599 data -0.0054861 0.00322395 -0.125567
location 0 0 0 angles 0.610865 0.610865 0.610865 0.610865 data -0.005688 0.00292809 -0.117399
location 0 0 0 angles 0.698132 0.698132 0.698132 0.698132 data -0.0637078 -0.0081961 -0.0859369
location 0 0 0 angles 0.785398 0.785398 0.785398 0.785398 data -0.00539987 0.00260458 -0.0993279
location 0 0 0 angles 0.872665 0.872665 0.872665 0.872665 data -0.00098857 0.00222414 -0.0902886
location 0 0 0 angles 0.959931 0.959931 0.959931 0.959931 data -0.00625603 0.00247623 -0.0784085
location 0 0 0 angles 1.0472 1.0472 1.0472 1.0472 data -0.00599571 0.00244743 -0.067255
location 0 0 0 angles 1.13446 1.13446 1.13446 1.13446 data -0.00607766 0.0022814 -0.0557734
location 0 0 0 angles 1.22173 1.22173 1.22173 1.22173 data -0.0062195 0.0022763 -0.0444365
location 0 0 0 angles 1.309 1.309 1.309 1.309 data -0.00612489 0.00231596 -0.0330748
location 0 0 0 angles 1.39626 1.39626 1.39626 1.39626 data -0.00651586 0.00234739 -0.021121
location 0 0 0 angles 1.48353 1.48353 1.48353 1.48353 data -0.00632333 0.00162056 -0.00865947
location 0 0 0 angles 1.5708 1.5708 1.5708 1.5708 data -0.00593483 0.00073988 -0.000367223
location -3000 0 0 angles 0 0 0 0 data -0.00447443 0.00428432 -0.150523
location -3000 0 0 angles 0.0872665 0.0872665 0.0872665 0.0872665 data -0.00242692 0.0035185 -0.150632
location -3000 0 0 angles 0.174533 0.174533 0.174533 0.174533 data -0.00288207 0.00391869 -0.148645
location -3000 0 0 angles 0.261799 0.261799 0.261799 0.261799 data -0.00301173 0.0036689 -0.14517
location -3000 0 0 angles 0.349066 0.349066 0.349066 0.349066 data -0.00331698 0.00365113 -0.1403
location -3000 0 0 angles 0.436332 0.436332 0.436332 0.436332 data -0.00347659 0.00369342 -0.134399
location -3000 0 0 angles 0.523599 0.523599 0.523599 0.523599 data -0.00386181 0.00381897 -0.127292
location -3000 0 0 angles 0.610865 0.610865 0.610865 0.610865 data -0.00395544 0.00346617 -0.118821
location -3000 0 0 angles 0.698132 0.698132 0.698132 0.698132 data -0.0385778 0.00447125 -0.111496
location -3000 0 0 angles 0.785398 0.785398 0.785398 0.785398 data 0.0723121 -0.00223571 -0.100681
location -3000 0 0 angles 0.872665 0.872665 0.872665 0.872665 data -0.00463997 0.00332219 -0.0902299
location -3000 0 0 angles 0.959931 0.959931 0.959931 0.959931 data -0.00505727 0.00324748 -0.0789624
location -3000 0 0 angles 1.0472 1.0472 1.0472 1.0472 data -0.00501104 0.00325818 -0.0677979
location -3000 0 0 angles 1.13446 1.13446 1.13446 1.13446 data -0.00526115 0.00314201 -0.0563934
location -3000 0 0 angles 1.22173 1.22173 1.22173 1.22173 data -0.00565657 0.00306746 -0.0447187
location -3000 0 0 angles 1.309 1.309 1.309 1.309 data -0.00577472 0.00305298 -0.0334396
location -3000 0 0 angles 1.39626 1.39626 1.39626 1.39626 data -0.00651701 0.00298996 -0.0211781
location -3000 0 0 angles 1.48353 1.48353 1.48353 1.48353 data -0.00635954 0.00226873 -0.00858641
location -3000 0 0 angles 1.5708 1.5708 1.5708 1.5708 data -0.00636957 0.00140599 -0.000186381
location -3000 3000 0 angles 0 0 0 0 data -0.00568356 0.00388808 -0.151331
location -3000 3000 0 angles 0.0872665 0.0872665 0.0872665 0.0872665 data -0.00316378 0.00319005 -0.151521
location -3000 3000 0 angles 0.174533 0.174533 0.174533 0.174533 data -0.00361547 0.00349201 -0.149584
location -3000 3000 0 angles 0.261799 0.261799 0.261799 0.261799 data -0.00380125 0.00326805 -0.146043
location -3000 3000 0 angles 0.349066 0.349066 0.349066 0.349066 data -0.00417018 0.00338571 -0.141349
location -3000 3000 0 angles 0.436332 0.436332 0.436332 0.436332 data -0.0046324 0.00331594 -0.135155
location -3000 3000 0 angles 0.523599 0.523599 0.523599 0.523599 data -0.00490342 0.00319697 -0.127945
location -3000 3000 0 angles 0.610865 0.610865 0.610865 0.610865 data -0.00515485 0.0030747 -0.119733
location -3000 3000 0 angles 0.698132 0.698132 0.698132 0.698132 data -0.0233046 0.00318248 -0.112291
location -3000 3000 0 angles 0.785398 0.785398 0.785398 0.785398 data 0.0195218 0.00228617 -0.102095
location -3000 3000 0 angles 0.872665 0.872665 0.872665 0.872665 data -0.00581717 0.00274922 -0.0907724
location -3000 3000 0 angles 0.959931 0.959931 0.959931 0.959931 data -0.00631758 0.00287082 -0.0793451
location -3000 3000 0 angles 1.0472 1.0472 1.0472 1.0472 data -0.00638916 0.00270446 -0.0681406
location -3000 3000 0 angles 1.13446 1.13446 1.13446 1.13446 data -0.00661245 0.00272865 -0.0566266
location -3000 3000 0 angles 1.22173 1.22173 1.22173 1.22173 data -0.00672303 0.00277045 -0.0450188
location -3000 3000 0 angles 1.309 1.309 1.309 1.309 data -0.00687524 0.00255719 -0.0333317
location -3000 3000 0 angles 1.39626 1.39626 1.39626 1.39626 data -0.00750564 0.00266941 -0.0212498
location -3000 3000 0 angles 1.48353 1.48353 1.48353 1.48353 data -0.0071456 0.00207538 -0.00858197
location -3000 3000 0 angles 1.5708 1.5708 1.5708 1.5708 data -0.00713293 0.000834662 -0.000339085
location 0 3000 0 angles 0 0 0 0 data -0.00723791 0.00292957 -0.149508
location 0 3000 0 angles 0.0872665 0.0872665 0.0872665 0.0872665 data -0.0046742 0.0025307 -0.149611
location 0 3000 0 angles 0.174533 0.174533 0.174533 0.174533 data -0.0052131 0.00278937 -0.147598
location 0 3000 0 angles 0.261799 0.261799 0.261799 0.261799 data -0.00524075 0.00251177 -0.144297
location 0 3000 0 angles 0.349066 0.349066 0.349066 0.349066 data -0.00554747 0.00239181 -0.139527
location 0 3000 0 angles 0.436332 0.436332 0.436332 0.436332 data -0.00578295 0.00242028 -0.133351
location 0 3000 0 angles 0.523599 0.523599 0.523599 0.523599 data -0.00587904 0.00233801 -0.126447
location 0 3000 0 angles 0.610865 0.610865 0.610865 0.610865 data -0.00622329 0.00220192 -0.118309
location 0 3000 0 angles 0.698132 0.698132 0.698132 0.698132 data -0.10025 0.00705636 -0.109044
location 0 3000 0 angles 0.785398 0.785398 0.785398 0.785398 data -0.00620765 0.00191791 -0.0999208
location 0 3000 0 angles 0.872665 0.872665 0.872665 0.872665 data 0.000531558 0.00169148 -0.0909468
location 0 3000 0 angles 0.959931 0.959931 0.959931 0.959931 data -0.00675989 0.00197254 -0.0788964
location 0 3000 0 angles 1.0472 1.0472 1.0472 1.0472 data -0.00656687 0.00212294 -0.0676182
location 0 3000 0 angles 1.13446 1.13446 1.13446 1.13446 data -0.00650105 0.00199064 -0.0561137
location 0 3000 0 angles 1.22173 1.22173 1.22173 1.22173 data -0.00662759 0.00208015 -0.0445655
location 0 3000 0 angles 1.309 1.309 1.309 1.309 data -0.00665129 0.00212952 -0.0331704
location 0 3000 0 angles 1.39626 1.39626 1.39626 1.39626 data -0.00714099 0.00213018 -0.0212237
location 0 3000 0 angles 1.48353 1.48353 1.48353 1.48353 data -0.00657773 0.00153434 -0.00866178
location 0 3000 0 angles 1.5708 1.5708 1.5708 1.5708 data -0.00621341 0.000371778 -0.000567976
location 3000 3000 0 angles 0 0 0 0 data -0.0085512 0.00233241 -0.148973
location 3000 3000 0 angles 0.0872665 0.0872665 0.0872665 0.0872665 data -0.00592759 0.00225244 -0.148941
location 3000 3000 0 angles 0.174533 0.174533 0.174533 0.174533 data -0.0063727 0.00253794 -0.146755
location 3000 3000 0 angles 0.261799 0.261799 0.261799 0.261799 data -0.00634423 0.00225178 -0.143504
location 3000 3000 0 angles 0.349066 0.349066 0.349066 0.349066 data -0.00665836 0.00216885 -0.13879
location 3000 3000 0 angles 0.436332 0.436332 0.436332 0.436332 data -0.00664454 0.002261 -0.132797
location 3000 3000 0 angles 0.523599 0.523599 0.523599 0.523599 data -0.00689252 0.00228387 -0.125787
location 3000 3000 0 angles 0.610865 0.610865 0.610865 0.610865 data -0.00703897 0.00212903 -0.117558
location 3000 3000 0 angles 0.698132 0.698132 0.698132 0.698132 data -0.00741678 0.00248577 -0.109403
location 3000 3000 0 angles 0.785398 0.785398 0.785398 0.785398 data -0.006012 0.00236466 -0.100721
location 3000 3000 0 angles 0.872665 0.872665 0.872665 0.872665 data -0.00663121 0.00203375 -0.0892513
location 3000 3000 0 angles 0.959931 0.959931 0.959931 0.959931 data -0.00697052 0.00182247 -0.0784725
location 3000 3000 0 angles 1.0472 1.0472 1.0472 1.0472 data -0.00684546 0.00205234 -0.0672585
location 3000 3000 0 angles 1.13446 1.13446 1.13446 1.13446 data -0.00669407 0.00182806 -0.0560826
location 3000 3000 0 angles 1.22173 1.22173 1.22173 1.22173 data -0.00670921 0.00209085 -0.0445498
location 3000 3000 0 angles 1.309 1.309 1.309 1.309 data -0.00674788 0.00195674 -0.0332706
location 3000 3000 0 angles 1.39626 1.39626 1.39626 1.39626 data -0.00700195 0.0021723 -0.0212223
location 3000 3000 0 angles 1.48353 1.48353 1.48353 1.48353 data -0.00654433 0.00146588 -0.00891091
location 3000 3000 0 angles 1.5708 1.5708 1.5708 1.5708 data -0.00566809 0.000376715 -0.00060319
location 3000 0 0 angles 0 0 0 0 data -0.00828973 0.00343803 -0.147767
location 3000 0 0 angles 0.0872665 0.0872665 0.0872665 0.0872665 data -0.00588332 0.0036039 -0.147839
location 3000 0 0 angles 0.174533 0.174533 0.174533 0.174533 data -0.00640512 0.00369144 -0.14572
location 3000 0 0 angles 0.261799 0.261799 0.261799 0.261799 data -0.00638866 0.00330524 -0.142454
location 3000 0 0 angles 0.349066 0.349066 0.349066 0.349066 data -0.00668387 0.00323777 -0.137653
location 3000 0 0 angles 0.436332 0.436332 0.436332 0.436332 data -0.00670756 0.00315731 -0.131684
location 3000 0 0 angles 0.523599 0.523599 0.523599 0.523599 data -0.00688495 0.00300214 -0.124756
location 3000 0 0 angles 0.610865 0.610865 0.610865 0.610865 data -0.00677157 0.00284696 -0.116747
location 3000 0 0 angles 0.698132 0.698132 0.698132 0.698132 data -0.00688297 0.00279052 -0.108325
location 3000 0 0 angles 0.785398 0.785398 0.785398 0.785398 data -0.00622822 0.00291789 -0.0999302
location 3000 0 0 angles 0.872665 0.872665 0.872665 0.872665 data 0.0692312 0.0125672 -0.0649093
location 3000 0 0 angles 0.959931 0.959931 0.959931 0.959931 data -0.00704999 0.00225359 -0.0780257
location 3000 0 0 angles 1.0472 1.0472 1.0472 1.0472 data -0.00671875 0.00215223 -0.0667223
location 3000 0 0 angles 1.13446 1.13446 1.13446 1.13446 data -0.00672649 0.00199738 -0.055651
location 3000 0 0 angles 1.22173 1.22173 1.22173 1.22173 data -0.00664799 0.00207999 -0.044316
location 3000 0 0 angles 1.309 1.309 1.309 1.309 data -0.00664569 0.00202322 -0.0330842
location 3000 0 0 angles 1.39626 1.39626 1.39626 1.39626 data -0.00685434 0.00206979 -0.021094
location 3000 0 0 angles 1.48353 1.48353 1.48353 1.48353 data -0.00637204 0.00121017 -0.00864894
location 3000 0 0 angles 1.5708 1.5708 1.5708 1.5708 data -0.00567286 0.000320109 -0.0005428
location 3000 -3000 0 angles 0 0 0 0 data -0.00799222 0.00473618 -0.147801
location 3000 -3000 0 angles 0.0872665 0.0872665 0.0872665 0.0872665 data -0.00627134 0.00469175 -0.147799
location 3000 -3000 0 angles 0.174533 0.174533 0.174533 0.174533 data -0.00661821 0.00468896 -0.145618
location 3000 -3000 0 angles 0.261799 0.261799 0.261799 0.261799 data -0.00659896 0.00439194 -0.142489
location 3000 -3000 0 angles 0.349066 0.349066 0.349066 0.349066 data -0.00677338 0.00421982 -0.1375
location 3000 -3000 0 angles 0.436332 0.436332 0.436332 0.436332 data -0.00677174 0.00401676 -0.13159
location 3000 -3000 0 angles 0.523599 0.523599 0.523599 0.523599 data -0.00692362 0.00380515 -0.124638
location 3000 -3000 0 angles 0.610865 0.610865 0.610865 0.610865 data -0.00682094 0.00356145 -0.0904201
location 3000 -3000 0 angles 0.698132 0.698132 0.698132 0.698132 data -0.00679691 0.00344626 -0.105819
location 3000 -3000 0 angles 0.785398 0.785398 0.785398 0.785398 data -0.00653626 0.00311732 -0.0987008
location 3000 -3000 0 angles 0.872665 0.872665 0.872665 0.872665 data -0.00707682 0.00266744 -0.0902733
location 3000 -3000 0 angles 0.959931 0.959931 0.959931 0.959931 data -0.0067956 0.002766 -0.0780007
location 3000 -3000 0 angles 1.0472 1.0472 1.0472 1.0472 data -0.00660488 0.00236121 -0.0667502
location 3000 -3000 0 angles 1.13446 1.13446 1.13446 1.13446 data -0.00658316 0.00229424 -0.0555109
location 3000 -3000 0 angles 1.22173 1.22173 1.22173 1.22173 data -0.00660307 0.00203671 -0.0441648
location 3000 -3000 0 angles 1.309 1.309 1.309 1.309 data -0.00628532 0.00199327 -0.0330523
location 3000 -3000 0 angles 1.39626 1.39626 1.39626 1.39626 data -0.00661838 0.00213725 -0.0212901
location 3000 -3000 0 angles 1.48353 1.48353 1.48353 1.48353 data -0.00620206 0.00109597 -0.00858411
location 3000 -3000 0 angles 1.5708 1.5708 1.5708 1.5708 data -0.00543953 -2.54494e-05 -0.000336946
location 0 -3000 0 angles 0 0 0 0 data -0.00649381 0.00486897 -0.148555
location 0 -3000 0 angles 0.0872665 0.0872665 0.0872665 0.0872665 data -0.00443313 0.00442386 -0.148585
location 0 -3000 0 angles 0.174533 0.174533 0.174533 0.174533 data -0.00490638 0.00451025 -0.146369
location 0 -3000 0 angles 0.261799 0.261799 0.261799 0.261799 data -0.00500083 0.00425256 -0.143232
location 0 -3000 0 angles 0.349066 0.349066 0.349066 0.349066 data -0.00497993 0.00398813 -0.138359
location 0 -3000 0 angles 0.436332 0.436332 0.436332 0.436332 data -0.0052391 0.0039052 -0.132377
location 0 -3000 0 angles 0.523599 0.523599 0.523599 0.523599 data -0.00525243 0.00372304 -0.125469
location 0 -3000 0 angles 0.610865 0.610865 0.610865 0.610865 data 0.0878183 -0.00207609 -0.110584
location 0 -3000 0 angles 0.698132 0.698132 0.698132 0.698132 data -0.00579512 0.012326 -0.0335138
location 0 -3000 0 angles 0.785398 0.785398 0.785398 0.785398 data -0.00515469 0.00309198 -0.0991481
location 0 -3000 0 angles 0.872665 0.872665 0.872665 0.872665 data -0.0056625 0.00282245 -0.0906305
location 0 -3000 0 angles 0.959931 0.959931 0.959931 0.959931 data -0.00561856 0.00281307 -0.078355
location 0 -3000 0 angles 1.0472 1.0472 1.0472 1.0472 data -0.00547227 0.00265674 -0.0671327
location 0 -3000 0 angles 1.13446 1.13446 1.13446 1.13446 data -0.00562893 0.00232501 -0.0556859
location 0 -3000 0 angles 1.22173 1.22173 1.22173 1.22173 data -0.00565295 0.00229605 -0.0443864
location 0 -3000 0 angles 1.309 1.309 1.309 1.309 data -0.00567879 0.0022169 -0.0330832
location 0 -3000 0 angles 1.39626 1.39626 1.39626 1.39626 data -0.00606696 0.00236088 -0.021186
location 0 -3000 0 angles 1.48353 1.48353 1.48353 1.48353 data -0.00576287 0.00132996 -0.00856107
location 0 -3000 0 angles 1.5708 1.5708 1.5708 1.5708 data -0.00532944 0.000218745 -0.000140965
location -3000 -3000 0 angles 0 0 0 0 data -0.00442507 0.0045871 -0.150521
location -3000 -3000 0 angles 0.0872665 0.0872665 0.0872665 0.0872665 data -0.00246526 0.00381831 -0.150502
location -3000 -3000 0 angles 0.174533 0.174533 0.174533 0.174533 data -0.00273644 0.00408291 -0.148479
location -3000 -3000 0 angles 0.261799 0.261799 0.261799 0.261799 data -0.00291662 0.00386784 -0.14509
location -3000 -3000 0 angles 0.349066 0.349066 0.349066 0.349066 data -0.00284586 0.00385122 -0.140234
location -3000 -3000 0 angles 0.436332 0.436332 0.436332 0.436332 data -0.00300416 0.00381074 -0.134263
location -3000 -3000 0 angles 0.523599 0.523599 0.523599 0.523599 data -0.00323141 0.00358629 -0.127011
location -3000 -3000 0 angles 0.610865 0.610865 0.610865 0.610865 data 0.0660958 0.0134508 -0.104023
location -3000 -3000 0 angles 0.698132 0.698132 0.698132 0.698132 data -0.0710453 -0.0145004 -0.0360758
location -3000 -3000 0 angles 0.785398 0.785398 0.785398 0.785398 data -0.00336503 0.0031657 -0.100421
location -3000 -3000 0 angles 0.872665 0.872665 0.872665 0.872665 data -0.00390689 0.003155 -0.0920865
location -3000 -3000 0 angles 0.959931 0.959931 0.959931 0.959931 data -0.00410172 0.00316784 -0.0795098
location -3000 -3000 0 angles 1.0472 1.0472 1.0472 1.0472 data -0.00417445 0.00309083 -0.0681207
location -3000 -3000 0 angles 1.13446 1.13446 1.13446 1.13446 data -0.00434773 0.00270808 -0.0564856
location -3000 -3000 0 angles 1.22173 1.22173 1.22173 1.22173 data -0.00443445 0.00286194 -0.0448594
location -3000 -3000 0 angles 1.309 1.309 1.309 1.309 data -0.00461496 0.00260804 -0.0335576
location -3000 -3000 0 angles 1.39626 1.39626 1.39626 1.39626 data -0.0053946 0.00287066 -0.0213833
location -3000 -3000 0 angles 1.48353 1.48353 1.48353 1.48353 data -0.00514399 0.00196628 -0.00873829
location -3000 -3000 0 angles 1.5708 1.5708 1.5708 1.5708 data -0.0051226 0.00081903 -0.000160546
