location 0 0 0 angles 0 0 0 0 data -0.00665803 0.00386258 -0.148459
location 0 0 0 angles 0.0872665 0.0872665 0.0872665 0.0872665 data -0.00444432 0.00355289 -0.148569
location 0 0 0 angles 0.174533 0.174533 0.174533 0.174533 data -0.00482032 0.00374229 -0.146436
location 0 0 0 angles 0.261799 0.261799 0.261799 0.261799 data -0.00498207 0.00343162 -0.143176
location 0 0 0 angles 0.349066 0.349066 0.349066 0.349066 data -0.00513494 0.0035055 -0.138403
location 0 0 0 angles 0.436332 0.436332 0.436332 0.436332 data -0.00537601 0.00332301 -0.132314
location 0 0 0 angles 0.523599 0.523599 0.523599 0.523599 data -0.00551604 0.00334194 -0.125493
location 0 0 0 angles 0.610865 0.610865 0.610865 0.610865 data -0.00564555 0.00291624 -0.117267
location 0 0 0 angles 0.698132 0.698132 0.698132 0.698132 data -0.00559174 0.00288662 -0.10984
location 0 0 0 angles 0.785398 0.785398 0.785398 0.785398 data -0.00682209 0.00533778 -0.0294228
location 0 0 0 angles 0.872665 0.872665 0.872665 0.872665 data 0.0489956 0.0135494 -0.0671864
location 0 0 0 angles 0.959931 0.959931 0.959931 0.959931 data -0.00618709 0.00268867 -0.078278
location 0 0 0 angles 1.0472 1.0472 1.0472 1.0472 data -0.00623481 0.00258253 -0.0669792
location 0 0 0 angles 1.13446 1.13446 1.13446 1.13446 data -0.00616076 0.00243114 -0.055796
location 0 0 0 angles 1.22173 1.22173 1.22173 1.22173 data -0.00619136 0.00246109 -0.0443326
location 0 0 0 angles 1.309 1.309 1.309 1.309 data -0.00600114 0.00228963 -0.033011
location 0 0 0 angles 1.39626 1.39626 1.39626 1.39626 data -0.00677766 0.00252049 -0.0212756
location 0 0 0 angles 1.48353 1.48353 1.48353 1.48353 data -0.00622691 0.00148974 -0.00862673
location 0 0 0 angles 1.5708 1.5708 1.5708 1.5708 data -0.0057892 0.000287199 -0.000400627
location -9000 0 0 angles 0 0 0 0 data 4.54723e-05 0.0055331 -0.157701
location -9000 0 0 angles 0.0872665 0.0872665 0.0872665 0.0872665 data 0.00201894 0.00440988 -0.158138
location -9000 0 0 angles 0.174533 0.174533 0.174533 0.174533 data 0.00153006 0.00504142 -0.155741
location -9000 0 0 angles 0.261799 0.261799 0.261799 0.261799 data 0.00128751 0.00523839 -0.152237
location -9000 0 0 angles 0.349066 0.349066 0.349066 0.349066 data 0.000844371 0.00548111 -0.147164
location -9000 0 0 angles 0.436332 0.436332 0.436332 0.436332 data 0.000219733 0.00570226 -0.140698
location -9000 0 0 angles 0.523599 0.523599 0.523599 0.523599 data -0.000203988 0.0059407 -0.133395
location -9000 0 0 angles 0.610865 0.610865 0.610865 0.610865 data -0.000817436 0.00613487 -0.124496
location -9000 0 0 angles 0.698132 0.698132 0.698132 0.698132 data -0.112553 0.0164264 -0.116712
location -9000 0 0 angles 0.785398 0.785398 0.785398 0.785398 data -0.00182383 0.00621418 -0.105359
location -9000 0 0 angles 0.872665 0.872665 0.872665 0.872665 data 0.00729924 0.00601096 -0.0951778
location -9000 0 0 angles 0.959931 0.959931 0.959931 0.959931 data -0.00352744 0.00638861 -0.0827419
location -9000 0 0 angles 1.0472 1.0472 1.0472 1.0472 data -0.00379796 0.00640029 -0.070859
location -9000 0 0 angles 1.13446 1.13446 1.13446 1.13446 data -0.00446209 0.00635899 -0.0587686
location -9000 0 0 angles 1.22173 1.22173 1.22173 1.22173 data -0.00498405 0.00632229 -0.0467507
location -9000 0 0 angles 1.309 1.309 1.309 1.309 data -0.00532138 0.00621797 -0.0347184
location -9000 0 0 angles 1.39626 1.39626 1.39626 1.39626 data -0.00674985 0.00623196 -0.0217593
location -9000 0 0 angles 1.48353 1.48353 1.48353 1.48353 data -0.00678293 0.00551106 -0.0086603
location -9000 0 0 angles 1.5708 1.5708 1.5708 1.5708 data -0.00740065 0.00418954 0.000261529
location -9000 9000 0 angles 0 0 0 0 data -0.00874224 0.00923074 -0.160548
location -9000 9000 0 angles 0.0872665 0.0872665 0.0872665 0.0872665 data -0.00650796 0.00724707 -0.161556
location -9000 9000 0 angles 0.174533 0.174533 0.174533 0.174533 data -0.00751913 0.00738398 -0.159186
location -9000 9000 0 angles 0.261799 0.261799 0.261799 0.261799 data -0.00832033 0.00698758 -0.155469
location -9000 9000 0 angles 0.349066 0.349066 0.349066 0.349066 data -0.00907003 0.00688111 -0.150132
location -9000 9000 0 angles 0.436332 0.436332 0.436332 0.436332 data -0.00978748 0.00648553 -0.143421
location -9000 9000 0 angles 0.523599 0.523599 0.523599 0.523599 data -0.0106608 0.0062076 -0.135759
location -9000 9000 0 angles 0.610865 0.610865 0.610865 0.610865 data -0.011274 0.00562246 -0.126686
location -9000 9000 0 angles 0.698132 0.698132 0.698132 0.698132 data -0.011834 0.00512831 -0.11944
location -9000 9000 0 angles 0.785398 0.785398 0.785398 0.785398 data -0.012028 0.00456324 -0.107094
location -9000 9000 0 angles 0.872665 0.872665 0.872665 0.872665 data 0.0456103 -0.001085 -0.0917618
location -9000 9000 0 angles 0.959931 0.959931 0.959931 0.959931 data -0.0132523 0.00347506 -0.0839155
location -9000 9000 0 angles 1.0472 1.0472 1.0472 1.0472 data -0.0129474 0.00309132 -0.0717547
location -9000 9000 0 angles 1.13446 1.13446 1.13446 1.13446 data -0.0130171 0.00255653 -0.0593085
location -9000 9000 0 angles 1.22173 1.22173 1.22173 1.22173 data -0.0130844 0.00225079 -0.0469335
location -9000 9000 0 angles 1.309 1.309 1.309 1.309 data -0.0129852 0.00187381 -0.0345696
location -9000 9000 0 angles 1.39626 1.39626 1.39626 1.39626 data -0.0137346 0.00129195 -0.0215166
location -9000 9000 0 angles 1.48353 1.48353 1.48353 1.48353 data -0.0131893 0.000210847 -0.00822242
location -9000 9000 0 angles 1.5708 1.5708 1.5708 1.5708 data -0.0132946 -0.00181018 0.000518723
location 0 9000 0 angles 0 0 0 0 data -0.0105243 0.000390373 -0.154365
location 0 9000 0 angles 0.0872665 0.0872665 0.0872665 0.0872665 data -0.00676598 -0.000152977 -0.154746
location 0 9000 0 angles 0.174533 0.174533 0.174533 0.174533 data -0.00697496 0.000215125 -0.152629
location 0 9000 0 angles 0.261799 0.261799 0.261799 0.261799 data -0.00705444 -9.76876e-05 -0.149252
location 0 9000 0 angles 0.349066 0.349066 0.349066 0.349066 data -0.00714445 -0.000193786 -0.144203
location 0 9000 0 angles 0.436332 0.436332 0.436332 0.436332 data -0.00732809 2.88526e-05 -0.137887
location 0 9000 0 angles 0.523599 0.523599 0.523599 0.523599 data -0.00727987 -7.49795e-05 -0.130806
location 0 9000 0 angles 0.610865 0.610865 0.610865 0.610865 data -0.00748145 -0.000182596 -0.0976278
location 0 9000 0 angles 0.698132 0.698132 0.698132 0.698132 data 0.00397381 -0.000356198 -0.114737
location 0 9000 0 angles 0.785398 0.785398 0.785398 0.785398 data -0.00732957 -0.000265037 -0.103353
location 0 9000 0 angles 0.872665 0.872665 0.872665 0.872665 data -0.00610563 6.96723e-06 -0.0940279
location 0 9000 0 angles 0.959931 0.959931 0.959931 0.959931 data -0.0067283 0.000188468 -0.0815952
location 0 9000 0 angles 1.0472 1.0472 1.0472 1.0472 data -0.00656572 0.000224011 -0.0698812
location 0 9000 0 angles 1.13446 1.13446 1.13446 1.13446 data -0.00640939 0.000366019 -0.0581513
location 0 9000 0 angles 1.22173 1.22173 1.22173 1.22173 data -0.00627693 0.000546861 -0.046159
location 0 9000 0 angles 1.309 1.309 1.309 1.309 data -0.00601727 0.000714868 -0.0345838
location 0 9000 0 angles 1.39626 1.39626 1.39626 1.39626 data -0.00634933 0.00112707 -0.0220731
location 0 9000 0 angles 1.48353 1.48353 1.48353 1.48353 data -0.00568422 0.000395309 -0.00936013
location 0 9000 0 angles 1.5708 1.5708 1.5708 1.5708 data -0.00526362 -0.00110771 -0.0010692
location 9000 9000 0 angles 0 0 0 0 data -0.00960318 -3.25252e-05 -0.155468
location 9000 9000 0 angles 0.0872665 0.0872665 0.0872665 0.0872665 data -0.00597054 0.00145667 -0.154951
location 9000 9000 0 angles 0.174533 0.174533 0.174533 0.174533 data -0.0063286 0.00182822 -0.152746
location 9000 9000 0 angles 0.261799 0.261799 0.261799 0.261799 data -0.00650056 0.0019574 -0.149422
location 9000 9000 0 angles 0.349066 0.349066 0.349066 0.349066 data -0.00667169 0.00206682 -0.144427
location 9000 9000 0 angles 0.436332 0.436332 0.436332 0.436332 data -0.00685138 0.00246471 -0.13809
location 9000 9000 0 angles 0.523599 0.523599 0.523599 0.523599 data -0.006894 0.00250223 -0.131014
location 9000 9000 0 angles 0.610865 0.610865 0.610865 0.610865 data -0.00697134 0.00242653 -0.12219
location 9000 9000 0 angles 0.698132 0.698132 0.698132 0.698132 data 0.00214021 0.00243888 -0.114886
location 9000 9000 0 angles 0.785398 0.785398 0.785398 0.785398 data -0.00713276 0.00281702 -0.103474
location 9000 9000 0 angles 0.872665 0.872665 0.872665 0.872665 data -0.00606252 0.00304179 -0.093889
location 9000 9000 0 angles 0.959931 0.959931 0.959931 0.959931 data -0.00720945 0.00288119 -0.0829968
location 9000 9000 0 angles 1.0472 1.0472 1.0472 1.0472 data -0.00716617 0.00354071 -0.0702683
location 9000 9000 0 angles 1.13446 1.13446 1.13446 1.13446 data -0.00699652 0.00372518 -0.0581775
location 9000 9000 0 angles 1.22173 1.22173 1.22173 1.22173 data -0.00706974 0.00398698 -0.0462646
location 9000 9000 0 angles 1.309 1.309 1.309 1.309 data -0.00681929 0.00411796 -0.0344571
location 9000 9000 0 angles 1.39626 1.39626 1.39626 1.39626 data -0.007011 0.00419152 -0.0221348
location 9000 9000 0 angles 1.48353 1.48353 1.48353 1.48353 data -0.00654729 0.00354993 -0.00892358
location 9000 9000 0 angles 1.5708 1.5708 1.5708 1.5708 data -0.00525243 0.00193979 -0.000581305
location 9000 0 0 angles 0 0 0 0 data -0.0116082 0.00315435 -0.149545
location 9000 0 0 angles 0.0872665 0.0872665 0.0872665 0.0872665 data -0.00952896 0.00392214 -0.149111
location 9000 0 0 angles 0.174533 0.174533 0.174533 0.174533 data -0.010029 0.00402565 -0.147127
location 9000 0 0 angles 0.261799 0.261799 0.261799 0.261799 data -0.0100914 0.00370839 -0.143954
location 9000 0 0 angles 0.349066 0.349066 0.349066 0.349066 data -0.0101921 0.00341269 -0.139069
location 9000 0 0 angles 0.436332 0.436332 0.436332 0.436332 data -0.0101172 0.00344462 -0.133212
location 9000 0 0 angles 0.523599 0.523599 0.523599 0.523599 data -0.0103124 0.00309807 -0.12631
location 9000 0 0 angles 0.610865 0.610865 0.610865 0.610865 data -0.0101832 0.00268834 -0.117775
location 9000 0 0 angles 0.698132 0.698132 0.698132 0.698132 data 0.00739089 0.00261116 -0.110833
location 9000 0 0 angles 0.785398 0.785398 0.785398 0.785398 data -0.00993475 0.00221229 -0.0998645
location 9000 0 0 angles 0.872665 0.872665 0.872665 0.872665 data -0.00888392 0.00238967 -0.0907656
location 9000 0 0 angles 0.959931 0.959931 0.959931 0.959931 data -0.00913996 0.0020665 -0.0789673
location 9000 0 0 angles 1.0472 1.0472 1.0472 1.0472 data -0.00913799 0.00193617 -0.067746
location 9000 0 0 angles 1.13446 1.13446 1.13446 1.13446 data -0.0087615 0.00166762 -0.0563082
location 9000 0 0 angles 1.22173 1.22173 1.22173 1.22173 data -0.00842203 0.00153203 -0.0448274
location 9000 0 0 angles 1.309 1.309 1.309 1.309 data -0.00816236 0.00147592 -0.033628
location 9000 0 0 angles 1.39626 1.39626 1.39626 1.39626 data -0.00805162 0.00151623 -0.0218473
location 9000 0 0 angles 1.48353 1.48353 1.48353 1.48353 data -0.00728646 0.000740209 -0.00905769
location 9000 0 0 angles 1.5708 1.5708 1.5708 1.5708 data -0.00588201 -0.000661112 -0.000511206
location 9000 -9000 0 angles 0 0 0 0 data -0.0103973 0.0062364 -0.152169
location 9000 -9000 0 angles 0.0872665 0.0872665 0.0872665 0.0872665 data -0.00948536 0.00692209 -0.151901
location 9000 -9000 0 angles 0.174533 0.174533 0.174533 0.174533 data -0.00976954 0.00698527 -0.150116
location 9000 -9000 0 angles 0.261799 0.261799 0.261799 0.261799 data -0.00980442 0.00657192 -0.146497
location 9000 -9000 0 angles 0.349066 0.349066 0.349066 0.349066 data -0.00969533 0.00616646 -0.141739
location 9000 -9000 0 angles 0.436332 0.436332 0.436332 0.436332 data -0.00984063 0.00590236 -0.135581
location 9000 -9000 0 angles 0.523599 0.523599 0.523599 0.523599 data -0.00952485 0.0057309 -0.128524
location 9000 -9000 0 angles 0.610865 0.610865 0.610865 0.610865 data 0.101768 0.0152045 -0.102631
location 9000 -9000 0 angles 0.698132 0.698132 0.698132 0.698132 data -0.00959001 0.00937983 -0.0706351
location 9000 -9000 0 angles 0.785398 0.785398 0.785398 0.785398 data 0.0542929 0.045781 -0.0511913
location 9000 -9000 0 angles 0.872665 0.872665 0.872665 0.872665 data -0.00876018 0.00422064 -0.0911494
location 9000 -9000 0 angles 0.959931 0.959931 0.959931 0.959931 data -0.00853738 0.00393975 -0.0800581
location 9000 -9000 0 angles 1.0472 1.0472 1.0472 1.0472 data -0.00841149 0.00352969 -0.0686428
location 9000 -9000 0 angles 1.13446 1.13446 1.13446 1.13446 data -0.00796408 0.00312111 -0.0571614
location 9000 -9000 0 angles 1.22173 1.22173 1.22173 1.22173 data -0.00774259 0.00300971 -0.0454981
location 9000 -9000 0 angles 1.309 1.309 1.309 1.309 data -0.00729929 0.00273128 -0.0340032
location 9000 -9000 0 angles 1.39626 1.39626 1.39626 1.39626 data -0.00713951 0.00271384 -0.0221555
location 9000 -9000 0 angles 1.48353 1.48353 1.48353 1.48353 data -0.00638883 0.00168951 -0.00899944
location 9000 -9000 0 angles 1.5708 1.5708 1.5708 1.5708 data -0.00516522 0.000717501 -5.12841e-05
location 0 -9000 0 angles 0 0 0 0 data -0.00791044 0.0072994 -0.151348
location 0 -9000 0 angles 0.0872665 0.0872665 0.0872665 0.0872665 data -0.00657164 0.00648635 -0.151201
location 0 -9000 0 angles 0.174533 0.174533 0.174533 0.174533 data -0.00695192 0.00643863 -0.149106
location 0 -9000 0 angles 0.261799 0.261799 0.261799 0.261799 data -0.00679626 0.00588936 -0.14566
location 0 -9000 0 angles 0.349066 0.349066 0.349066 0.349066 data -0.00687705 0.00538435 -0.140713
location 0 -9000 0 angles 0.436332 0.436332 0.436332 0.436332 data -0.00672237 0.0050954 -0.134648
location 0 -9000 0 angles 0.523599 0.523599 0.523599 0.523599 data -0.00678243 0.00467892 -0.127521
location 0 -9000 0 angles 0.610865 0.610865 0.610865 0.610865 data 0.070152 0.0259846 -0.100859
location 0 -9000 0 angles 0.698132 0.698132 0.698132 0.698132 data -0.0185652 0.0134671 -0.0361523
location 0 -9000 0 angles 0.785398 0.785398 0.785398 0.785398 data 0.0730386 0.00498186 -0.100376
location 0 -9000 0 angles 0.872665 0.872665 0.872665 0.872665 data -0.00608556 0.00279118 -0.0904171
location 0 -9000 0 angles 0.959931 0.959931 0.959931 0.959931 data -0.00610135 0.00230658 -0.079105
location 0 -9000 0 angles 1.0472 1.0472 1.0472 1.0472 data -0.00572848 0.00194259 -0.0679051
location 0 -9000 0 angles 1.13446 1.13446 1.13446 1.13446 data -0.00563403 0.00134082 -0.05648
location 0 -9000 0 angles 1.22173 1.22173 1.22173 1.22173 data -0.00552904 0.00111835 -0.0447679
location 0 -9000 0 angles 1.309 1.309 1.309 1.309 data -0.00550337 0.000803068 -0.0333585
location 0 -9000 0 angles 1.39626 1.39626 1.39626 1.39626 data -0.00574313 0.000936519 -0.0215549
location 0 -9000 0 angles 1.48353 1.48353 1.48353 1.48353 data -0.00499228 -0.000345173 -0.00858148
location 0 -9000 0 angles 1.5708 1.5708 1.5708 1.5708 data -0.00447065 -0.00118965 9.64833e-05
location -9000 -9000 0 angles 0 0 0 0 data -0.00310931 0.00111144 -0.159298
location -9000 -9000 0 angles 0.0872665 0.0872665 0.0872665 0.0872665 data -0.00116168 -0.000361628 -0.159377
location -9000 -9000 0 angles 0.174533 0.174533 0.174533 0.174533 data -0.000811842 -0.000296137 -0.157187
location -9000 -9000 0 angles 0.261799 0.261799 0.261799 0.261799 data -0.000154458 -0.000484219 -0.15368
location -9000 -9000 0 angles 0.349066 0.349066 0.349066 0.349066 data 0.000296249 -0.000690732 -0.148811
location -9000 -9000 0 angles 0.436332 0.436332 0.436332 0.436332 data 0.000755019 -0.000555964 -0.142418
location -9000 -9000 0 angles 0.523599 0.523599 0.523599 0.523599 data 0.00101353 -0.000551521 -0.134996
location -9000 -9000 0 angles 0.610865 0.610865 0.610865 0.610865 data 0.00128915 0.00185686 -0.0548667
location -9000 -9000 0 angles 0.698132 0.698132 0.698132 0.698132 data 0.0119151 -0.000388779 -0.118441
location -9000 -9000 0 angles 0.785398 0.785398 0.785398 0.785398 data 0.00183086 -0.000451145 -0.106882
location -9000 -9000 0 angles 0.872665 0.872665 0.872665 0.872665 data 0.00262136 0.00021348 -0.0977716
location -9000 -9000 0 angles 0.959931 0.959931 0.959931 0.959931 data 0.00190886 0.000270579 -0.0867432
location -9000 -9000 0 angles 1.0472 1.0472 1.0472 1.0472 data 0.00218711 0.000228947 -0.0734117
location -9000 -9000 0 angles 1.13446 1.13446 1.13446 1.13446 data 0.00210089 0.000473965 -0.0610382
location -9000 -9000 0 angles 1.22173 1.22173 1.22173 1.22173 data 0.0019184 0.000648554 -0.048674
location -9000 -9000 0 angles 1.309 1.309 1.309 1.309 data 0.00187068 0.000911178 -0.0365296
location -9000 -9000 0 angles 1.39626 1.39626 1.39626 1.39626 data 0.000900812 0.00143248 -0.0238534
location -9000 -9000 0 angles 1.48353 1.48353 1.48353 1.48353 data 0.00111325 0.000751234 -0.010096
location -9000 -9000 0 angles 1.5708 1.5708 1.5708 1.5708 data 0.000928456 7.14715e-05 -0.00091518
