location 0 0 0 angles 0 0 0 0 data -0.00618462 0.00384086 -0.1487
location 0 0 0 angles 0.0872665 0.0872665 0.0872665 0.0872665 data -0.00386098 0.00333486 -0.148857
location 0 0 0 angles 0.174533 0.174533 0.174533 0.174533 data -0.0044899 0.00362809 -0.146736
location 0 0 0 angles 0.261799 0.261799 0.261799 0.261799 data -0.00447608 0.00336728 -0.143548
location 0 0 0 angles 0.349066 0.349066 0.349066 0.349066 data -0.00475614 0.00342701 -0.138597
location 0 0 0 angles 0.436332 0.436332 0.436332 0.436332 data -0.00494883 0.00335493 -0.132617
location 0 0 0 angles 0.523599 0.523599 0.523599 0.523599 data -0.00509331 0.00321967 -0.125753
location 0 0 0 angles 0.610865 0.610865 0.610865 0.610865 data -0.0555281 0.00546745 -0.104385
location 0 0 0 angles 0.698132 0.698132 0.698132 0.698132 data -0.00545615 0.00297137 -0.108996
location 0 0 0 angles 0.785398 0.785398 0.785398 0.785398 data -0.00474068 0.00293006 -0.100461
location 0 0 0 angles 0.872665 0.872665 0.872665 0.872665 data 0.00996119 0.00239757 -0.0903743
location 0 0 0 angles 0.959931 0.959931 0.959931 0.959931 data -0.00597021 0.00274346 -0.0784708
location 0 0 0 angles 1.0472 1.0472 1.0472 1.0472 data -0.00593071 0.00266184 -0.0671684
location 0 0 0 angles 1.13446 1.13446 1.13446 1.13446 data -0.00590866 0.00253662 -0.0557489
location 0 0 0 angles 1.22173 1.22173 1.22173 1.22173 data -0.00605018 0.00234541 -0.0443894
location 0 0 0 angles 0 0 0 0 data -0.00615763 0.0036485 -0.148788
location 0 0 0 angles 0.0872665 0.0872665 0.0872665 0.0872665 data -0.00404709 0.00320388 -0.148717
location 0 0 0 angles 0.174533 0.174533 0.174533 0.174533 data -0.0045577 0.00363039 -0.14677
location 0 0 0 angles 0.261799 0.261799 0.261799 0.261799 data -0.00468884 0.00321029 -0.143339
location 0 0 0 angles 0.349066 0.349066 0.349066 0.349066 data -0.00488367 0.00314003 -0.138555
location 0 0 0 angles 0.436332 0.436332 0.436332 0.436332 data -0.0051282 0.00324913 -0.132537
location 0 0 0 angles 0.523599 0.523599 0.523599 0.523599 data -0.00536696 0.00308474 -0.125673
location 0 0 0 angles 0.610865 0.610865 0.610865 0.610865 data -0.00548313 0.00280616 -0.117567
location 0 0 0 angles 0.698132 0.698132 0.698132 0.698132 data -0.00800604 0.00487654 -0.0442426
location 0 0 0 angles 0.785398 0.785398 0.785398 0.785398 data -0.00532895 0.00254945 -0.099371
location 0 0 0 angles 0.872665 0.872665 0.872665 0.872665 data 0.00884866 0.00875733 -0.0588454
location 0 0 0 angles 0.959931 0.959931 0.959931 0.959931 data -0.00612752 0.0024606 -0.0786058
location 0 0 0 angles 1.0472 1.0472 1.0472 1.0472 data -0.00595556 0.00227498 -0.0671892
location 0 0 0 angles 1.13446 1.13446 1.13446 1.13446 data -0.0060222 0.00224092 -0.0558419
location 0 0 0 angles 1.22173 1.22173 1.22173 1.22173 data -0.0061522 0.00233044 -0.0443826
location 0 0 0 angles 1.309 1.309 1.309 1.309 data -0.0063574 0.00222134 -0.0329603
location 0 0 0 angles 1.39626 1.39626 1.39626 1.39626 data -0.00653232 0.00223681 -0.0210805
location 0 0 0 angles 1.48353 1.48353 1.48353 1.48353 data -0.00634473 0.00175928 -0.00882715
location 0 0 0 angles 1.5708 1.5708 1.5708 1.5708 data -0.00600328 0.000664351 -0.000438968
location -1000 0 0 angles 0 0 0 0 data -0.00562481 0.00386208 -0.149181
location -1000 0 0 angles 0.0872665 0.0872665 0.0872665 0.0872665 data -0.00363769 0.00325538 -0.149398
location -1000 0 0 angles 0.174533 0.174533 0.174533 0.174533 data -0.0039839 0.00368684 -0.147184
location -1000 0 0 angles 0.261799 0.261799 0.261799 0.261799 data -0.00402027 0.0034247 -0.143985
location -1000 0 0 angles 0.349066 0.349066 0.349066 0.349066 data -0.00418861 0.00313937 -0.139137
location -1000 0 0 angles 0.436332 0.436332 0.436332 0.436332 data -0.00457514 0.00337731 -0.133113
location -1000 0 0 angles 0.523599 0.523599 0.523599 0.523599 data -0.00461019 0.00313032 -0.126072
location -1000 0 0 angles 0.610865 0.610865 0.610865 0.610865 data -0.00480617 0.0028858 -0.117858
location -1000 0 0 angles 0.698132 0.698132 0.698132 0.698132 data -0.0254612 0.0031764 -0.110433
location -1000 0 0 angles 0.785398 0.785398 0.785398 0.785398 data -0.00498109 0.00273885 -0.0997094
location -1000 0 0 angles 0.872665 0.872665 0.872665 0.872665 data -0.00556492 0.00278888 -0.0912068
location -1000 0 0 angles 0.959931 0.959931 0.959931 0.959931 data -0.00562481 0.00284482 -0.078922
location -1000 0 0 angles 1.0472 1.0472 1.0472 1.0472 data -0.00562958 0.00266563 -0.0675245
location -1000 0 0 angles 1.13446 1.13446 1.13446 1.13446 data -0.00578344 0.00259257 -0.0561525
location -1000 0 0 angles 1.22173 1.22173 1.22173 1.22173 data -0.00600312 0.00248479 -0.0443381
location -1000 0 0 angles 1.309 1.309 1.309 1.309 data -0.00595622 0.00250058 -0.0329433
location -1000 0 0 angles 1.39626 1.39626 1.39626 1.39626 data -0.00651389 0.00247491 -0.0212375
location -1000 0 0 angles 1.48353 1.48353 1.48353 1.48353 data -0.00623481 0.00174496 -0.00882979
location -1000 0 0 angles 1.5708 1.5708 1.5708 1.5708 data -0.0061675 0.000837459 -0.000465131
location -1000 1000 0 angles 0 0 0 0 data -0.00574395 0.0035705 -0.1493
location -1000 1000 0 angles 0.0872665 0.0872665 0.0872665 0.0872665 data -0.00349025 0.00300148 -0.149534
location -1000 1000 0 angles 0.174533 0.174533 0.174533 0.174533 data -0.00409234 0.00336711 -0.147419
location -1000 1000 0 angles 0.261799 0.261799 0.261799 0.261799 data -0.00409514 0.00305282 -0.144223
location -1000 1000 0 angles 0.349066 0.349066 0.349066 0.349066 data -0.00434592 0.00310926 -0.139455
location -1000 1000 0 angles 0.436332 0.436332 0.436332 0.436332 data -0.00461216 0.00320305 -0.13329
location -1000 1000 0 angles 0.523599 0.523599 0.523599 0.523599 data -0.00481275 0.00309379 -0.126325
location -1000 1000 0 angles 0.610865 0.610865 0.610865 0.610865 data -0.00511997 0.0027456 -0.118132
location -1000 1000 0 angles 0.698132 0.698132 0.698132 0.698132 data -0.0219437 0.00297762 -0.110797
location -1000 1000 0 angles 0.785398 0.785398 0.785398 0.785398 data 0.0200329 0.0120622 -0.0660115
location -1000 1000 0 angles 0.872665 0.872665 0.872665 0.872665 data -0.00560803 0.00256163 -0.0897165
location -1000 1000 0 angles 0.959931 0.959931 0.959931 0.959931 data -0.00571713 0.0026806 -0.0785534
location -1000 1000 0 angles 1.0472 1.0472 1.0472 1.0472 data -0.0059085 0.0023148 -0.0672362
location -1000 1000 0 angles 1.13446 1.13446 1.13446 1.13446 data -0.00600131 0.00228403 -0.0558782
location -1000 1000 0 angles 1.22173 1.22173 1.22173 1.22173 data -0.00614628 0.00238967 -0.0445222
location -1000 1000 0 angles 1.309 1.309 1.309 1.309 data -0.00627759 0.00243196 -0.0329863
location -1000 1000 0 angles 1.39626 1.39626 1.39626 1.39626 data -0.00682851 0.00230921 -0.0212248
location -1000 1000 0 angles 1.48353 1.48353 1.48353 1.48353 data -0.00658333 0.0018511 -0.00869979
location -1000 1000 0 angles 1.5708 1.5708 1.5708 1.5708 data -0.00629898 0.000781841 -0.000383678
location 0 1000 0 angles 0 0 0 0 data -0.00651948 0.00332416 -0.148876
location 0 1000 0 angles 0.0872665 0.0872665 0.0872665 0.0872665 data -0.0041965 0.00294405 -0.148951
location 0 1000 0 angles 0.174533 0.174533 0.174533 0.174533 data -0.00469065 0.0033602 -0.146757
location 0 1000 0 angles 0.261799 0.261799 0.261799 0.261799 data -0.00480913 0.00298634 -0.143525
location 0 1000 0 angles 0.349066 0.349066 0.349066 0.349066 data -0.00504427 0.00301843 -0.138856
location 0 1000 0 angles 0.436332 0.436332 0.436332 0.436332 data -0.00519632 0.00288136 -0.132705
location 0 1000 0 angles 0.523599 0.523599 0.523599 0.523599 data -0.00540168 0.00284318 -0.125794
location 0 1000 0 angles 0.610865 0.610865 0.610865 0.610865 data -0.00564522 0.00261676 -0.117534
location 0 1000 0 angles 0.698132 0.698132 0.698132 0.698132 data -0.00460821 0.00243114 -0.10957
location 0 1000 0 angles 0.785398 0.785398 0.785398 0.785398 data 0.0383463 0.000397448 -0.100578
location 0 1000 0 angles 0.872665 0.872665 0.872665 0.872665 data -0.00591788 0.00222249 -0.0894744
location 0 1000 0 angles 0.959931 0.959931 0.959931 0.959931 data -0.00618528 0.00230016 -0.0781498
location 0 1000 0 angles 1.0472 1.0472 1.0472 1.0472 data -0.00609856 0.00235446 -0.0670875
location 0 1000 0 angles 1.13446 1.13446 1.13446 1.13446 data -0.00621127 0.00207538 -0.0557708
location 0 1000 0 angles 1.22173 1.22173 1.22173 1.22173 data -0.00629799 0.00212458 -0.0443058
location 0 1000 0 angles 1.309 1.309 1.309 1.309 data -0.00642552 0.00221393 -0.0329333
location 0 1000 0 angles 1.39626 1.39626 1.39626 1.39626 data -0.00671612 0.00211718 -0.021081
location 0 1000 0 angles 1.48353 1.48353 1.48353 1.48353 data -0.00660159 0.00159703 -0.00882386
location 0 1000 0 angles 1.5708 1.5708 1.5708 1.5708 data -0.0062116 0.000608403 -0.000399804
location 1000 1000 0 angles 0 0 0 0 data -0.00697512 0.00334539 -0.148631
location 1000 1000 0 angles 0.0872665 0.0872665 0.0872665 0.0872665 data -0.00478708 0.00296791 -0.14855
location 1000 1000 0 angles 0.174533 0.174533 0.174533 0.174533 data -0.00516637 0.00319285 -0.146587
location 1000 1000 0 angles 0.261799 0.261799 0.261799 0.261799 data -0.00517871 0.00289024 -0.143043
location 1000 1000 0 angles 0.349066 0.349066 0.349066 0.349066 data -0.00536515 0.00280797 -0.138503
location 1000 1000 0 angles 0.436332 0.436332 0.436332 0.436332 data -0.00549103 0.00273704 -0.132459
location 1000 1000 0 angles 0.523599 0.523599 0.523599 0.523599 data -0.00582491 0.00268735 -0.125412
location 1000 1000 0 angles 0.610865 0.610865 0.610865 0.610865 data -0.00589418 0.00252329 -0.117239
location 1000 1000 0 angles 0.698132 0.698132 0.698132 0.698132 data -0.00586078 0.00247294 -0.110953
location 1000 1000 0 angles 0.785398 0.785398 0.785398 0.785398 data -0.00589089 0.00243262 -0.0993139
location 1000 1000 0 angles 0.872665 0.872665 0.872665 0.872665 data -0.00603619 0.00221212 -0.0888248
location 1000 1000 0 angles 0.959931 0.959931 0.959931 0.959931 data -0.0064948 0.0022531 -0.0782368
location 1000 1000 0 angles 1.0472 1.0472 1.0472 1.0472 data -0.00635657 0.00226264 -0.0670034
location 1000 1000 0 angles 1.13446 1.13446 1.13446 1.13446 data -0.00631412 0.00214449 -0.0557491
location 1000 1000 0 angles 1.22173 1.22173 1.22173 1.22173 data -0.00630951 0.00210039 -0.0444292
location 1000 1000 0 angles 1.309 1.309 1.309 1.309 data -0.00646419 0.00217921 -0.0330539
location 1000 1000 0 angles 1.39626 1.39626 1.39626 1.39626 data -0.00672007 0.00217559 -0.0211276
location 1000 1000 0 angles 1.48353 1.48353 1.48353 1.48353 data -0.00650171 0.00160773 -0.00886615
location 1000 1000 0 angles 1.5708 1.5708 1.5708 1.5708 data -0.00599407 0.000571215 -0.000525028
location 1000 0 0 angles 0 0 0 0 data -0.00682258 0.00344692 -0.148196
location 1000 0 0 angles 0.0872665 0.0872665 0.0872665 0.0872665 data -0.00464392 0.00318331 -0.148342
location 1000 0 0 angles 0.174533 0.174533 0.174533 0.174533 data -0.00501202 0.00335493 -0.146222
location 1000 0 0 angles 0.261799 0.261799 0.261799 0.261799 data -0.00528501 0.00322379 -0.143043
location 1000 0 0 angles 0.349066 0.349066 0.349066 0.349066 data -0.00545549 0.00304673 -0.138197
location 1000 0 0 angles 0.436332 0.436332 0.436332 0.436332 data -0.00544874 0.00303258 -0.132104
location 1000 0 0 angles 0.523599 0.523599 0.523599 0.523599 data -0.00558845 0.00305413 -0.125327
location 1000 0 0 angles 0.610865 0.610865 0.610865 0.610865 data -0.00593104 0.00273836 -0.113564
location 1000 0 0 angles 0.698132 0.698132 0.698132 0.698132 data 0.00392132 0.00262679 -0.109901
location 1000 0 0 angles 0.785398 0.785398 0.785398 0.785398 data -0.00608325 0.00230378 -0.0988629
location 1000 0 0 angles 0.872665 0.872665 0.872665 0.872665 data -0.0049954 0.00266481 -0.090087
location 1000 0 0 angles 0.959931 0.959931 0.959931 0.959931 data -0.00604261 0.0025404 -0.0782192
location 1000 0 0 angles 1.0472 1.0472 1.0472 1.0472 data -0.00610399 0.0023176 -0.0670868
location 1000 0 0 angles 1.13446 1.13446 1.13446 1.13446 data -0.00613377 0.00219995 -0.0556171
location 1000 0 0 angles 1.22173 1.22173 1.22173 1.22173 data -0.00621638 0.00210698 -0.0443488
location 1000 0 0 angles 1.309 1.309 1.309 1.309 data -0.00625406 0.00208328 -0.0331411
location 1000 0 0 angles 1.39626 1.39626 1.39626 1.39626 data -0.00683196 0.00213396 -0.0211369
location 1000 0 0 angles 1.48353 1.48353 1.48353 1.48353 data -0.00632333 0.00141355 -0.00882403
location 1000 0 0 angles 1.5708 1.5708 1.5708 1.5708 data -0.00591278 0.000554924 -0.000436335
location 1000 -1000 0 angles 0 0 0 0 data -0.00666873 0.00389368 -0.148177
location 1000 -1000 0 angles 0.0872665 0.0872665 0.0872665 0.0872665 data -0.00472866 0.00366215 -0.148192
location 1000 -1000 0 angles 0.174533 0.174533 0.174533 0.174533 data -0.00515584 0.00365639 -0.146214
location 1000 -1000 0 angles 0.261799 0.261799 0.261799 0.261799 data -0.00521788 0.00345301 -0.142978
location 1000 -1000 0 angles 0.349066 0.349066 0.349066 0.349066 data -0.00530147 0.00332351 -0.138015
location 1000 -1000 0 angles 0.436332 0.436332 0.436332 0.436332 data -0.00551111 0.00328517 -0.132058
location 1000 -1000 0 angles 0.523599 0.523599 0.523599 0.523599 data -0.00551061 0.00308853 -0.125093
location 1000 -1000 0 angles 0.610865 0.610865 0.610865 0.610865 data -0.005857 0.00274445 -0.117153
location 1000 -1000 0 angles 0.698132 0.698132 0.698132 0.698132 data -0.0063653 0.00275037 -0.109685
location 1000 -1000 0 angles 0.785398 0.785398 0.785398 0.785398 data -0.00604936 0.0044446 -0.0470574
location 1000 -1000 0 angles 0.872665 0.872665 0.872665 0.872665 data 0.0166018 0.0131634 -0.0477089
location 1000 -1000 0 angles 0.959931 0.959931 0.959931 0.959931 data -0.00609 0.00233406 -0.0780214
location 1000 -1000 0 angles 1.0472 1.0472 1.0472 1.0472 data -0.00611189 0.00229374 -0.0668505
location 1000 -1000 0 angles 1.13446 1.13446 1.13446 1.13446 data -0.00603241 0.00207308 -0.0556339
location 1000 -1000 0 angles 1.22173 1.22173 1.22173 1.22173 data -0.00605512 0.002105 -0.04425
location 1000 -1000 0 angles 1.309 1.309 1.309 1.309 data -0.00614842 0.00204198 -0.0329828
location 1000 -1000 0 angles 1.39626 1.39626 1.39626 1.39626 data -0.0066916 0.00217625 -0.0212047
location 1000 -1000 0 angles 1.48353 1.48353 1.48353 1.48353 data -0.00617178 0.0014797 -0.00870933
location 1000 -1000 0 angles 1.5708 1.5708 1.5708 1.5708 data -0.00572338 0.000542089 -0.00053704
location 0 -1000 0 angles 0 0 0 0 data -0.00617688 0.0039363 -0.148651
location 0 -1000 0 angles 0.0872665 0.0872665 0.0872665 0.0872665 data -0.00407803 0.00358564 -0.148728
location 0 -1000 0 angles 0.174533 0.174533 0.174533 0.174533 data -0.00449549 0.00366479 -0.146484
location 0 -1000 0 angles 0.261799 0.261799 0.261799 0.261799 data -0.00472768 0.00352376 -0.143208
location 0 -1000 0 angles 0.349066 0.349066 0.349066 0.349066 data -0.00476635 0.00343491 -0.138461
location 0 -1000 0 angles 0.436332 0.436332 0.436332 0.436332 data -0.00492201 0.00332811 -0.132409
location 0 -1000 0 angles 0.523599 0.523599 0.523599 0.523599 data -0.00506698 0.00321079 -0.125456
location 0 -1000 0 angles 0.610865 0.610865 0.610865 0.610865 data -0.00530591 0.00302748 -0.115878
location 0 -1000 0 angles 0.698132 0.698132 0.698132 0.698132 data -0.117647 -0.00799172 -0.084965
location 0 -1000 0 angles 0.785398 0.785398 0.785398 0.785398 data 0.0731874 0.0154905 -0.0712304
location 0 -1000 0 angles 0.872665 0.872665 0.872665 0.872665 data -0.00544331 0.00242193 -0.0891216
location 0 -1000 0 angles 0.959931 0.959931 0.959931 0.959931 data -0.00564505 0.00244151 -0.0780341
location 0 -1000 0 angles 1.0472 1.0472 1.0472 1.0472 data -0.00560161 0.00235676 -0.0669338
location 0 -1000 0 angles 1.13446 1.13446 1.13446 1.13446 data -0.00576518 0.00231612 -0.0556123
location 0 -1000 0 angles 1.22173 1.22173 1.22173 1.22173 data -0.00591673 0.00231464 -0.0440901
location 0 -1000 0 angles 1.309 1.309 1.309 1.309 data -0.00584811 0.00213989 -0.0329289
location 0 -1000 0 angles 1.39626 1.39626 1.39626 1.39626 data -0.00644346 0.00228815 -0.0210426
location 0 -1000 0 angles 1.48353 1.48353 1.48353 1.48353 data -0.00614562 0.00151278 -0.00871575
location 0 -1000 0 angles 1.5708 1.5708 1.5708 1.5708 data -0.00567089 0.000585366 -0.00048389
location -1000 -1000 0 angles 0 0 0 0 data -0.0054471 0.00398171 -0.149128
location -1000 -1000 0 angles 0.0872665 0.0872665 0.0872665 0.0872665 data -0.00348367 0.00348098 -0.149185
location -1000 -1000 0 angles 0.174533 0.174533 0.174533 0.174533 data -0.00382198 0.003674 -0.147077
location -1000 -1000 0 angles 0.261799 0.261799 0.261799 0.261799 data -0.00391545 0.00346025 -0.143721
location -1000 -1000 0 angles 0.349066 0.349066 0.349066 0.349066 data -0.00414829 0.00334687 -0.138957
location -1000 -1000 0 angles 0.436332 0.436332 0.436332 0.436332 data -0.00428026 0.00331314 -0.132917
location -1000 -1000 0 angles 0.523599 0.523599 0.523599 0.523599 data -0.00454766 0.00319137 -0.125942
location -1000 -1000 0 angles 0.610865 0.610865 0.610865 0.610865 data 0.0314608 -0.000988735 -0.118957
location -1000 -1000 0 angles 0.698132 0.698132 0.698132 0.698132 data -0.121864 0.00298223 -0.0948223
location -1000 -1000 0 angles 0.785398 0.785398 0.785398 0.785398 data 0.0773063 0.0114344 -0.0859681
location -1000 -1000 0 angles 0.872665 0.872665 0.872665 0.872665 data -0.00512392 0.00260063 -0.0894915
location -1000 -1000 0 angles 0.959931 0.959931 0.959931 0.959931 data -0.00528074 0.0026421 -0.0783782
location -1000 -1000 0 angles 1.0472 1.0472 1.0472 1.0472 data -0.00540497 0.00254501 -0.0671601
location -1000 -1000 0 angles 1.13446 1.13446 1.13446 1.13446 data -0.00549827 0.00232928 -0.0558957
location -1000 -1000 0 angles 1.22173 1.22173 1.22173 1.22173 data -0.00568668 0.00248758 -0.0443218
location -1000 -1000 0 angles 1.309 1.309 1.309 1.309 data -0.0057632 0.00241074 -0.0329828
location -1000 -1000 0 angles 1.39626 1.39626 1.39626 1.39626 data -0.00635542 0.00244809 -0.021245
location -1000 -1000 0 angles 1.48353 1.48353 1.48353 1.48353 data -0.00610629 0.00189553 -0.00878667
location -1000 -1000 0 angles 1.5708 1.5708 1.5708 1.5708 data -0.00587773 0.000775917 -0.000246113
