location 0 0 0 angles 0 0 0 0 data 0.000979467 0.00509638 -0.147437
location 0 0 0 angles 2.56563 3.4383 0.977384 0.715585 data 0.0377008 0.110379 0.00532067
location 0 0 0 angles 4.60767 2.16421 4.4855 1.3439 data -0.0459933 0.0622363 0.022086
location 0 0 0 angles 4.39823 0.942478 3.03687 5.67232 data -0.0135862 0.0787196 -0.00734372
location 0 0 0 angles 0.383972 4.67748 0.610865 2.47837 data -0.0531312 -0.0741306 -0.0382204
location 0 0 0 angles 0.750492 0.733038 1.11701 4.34587 data 0.0501018 -0.0413483 -0.0467706
location 0 0 0 angles 3.42085 5.8294 3.97935 2.63545 data -0.00338428 -0.119202 0.0668933
location 0 0 0 angles 2.46091 1.16937 5.86431 1.44862 data 0.0984241 -0.0179629 -0.0137055
location 0 0 0 angles 3.61283 1.72788 0.279253 5.35816 data 0.0984069 0.115397 -0.0218659
location 0 0 0 angles 4.60767 2.84489 0.0523599 4.85202 data 0.0802205 0.102817 -0.0151071
location 0 0 0 angles 0.890118 4.03171 5.41052 5.48033 data -0.0220671 0.0139226 -0.063522
location 0 0 0 angles 1.0472 2.56563 5.16617 2.40855 data -0.0180529 -0.0632422 0.0287076
location 0 0 0 angles 3.31613 2.21657 4.67748 2.14675 data 0.0415941 -0.00704226 0.0852107
location 0 0 0 angles 0.663225 0.767945 4.83456 3.80482 data 0.0162581 -0.132336 -0.0147225
location 0 0 0 angles 4.57276 3.94444 3.21141 0.523599 data -0.120846 0.107182 0.013047
location 0 0 0 angles 5.55015 5.5676 3.12414 1.55334 data -0.161184 -0.0431992 -0.0211613
location 0 0 0 angles 6.19592 2.23402 5.68977 2.28638 data -0.0185276 -0.0281582 -0.00981594
location 0 0 0 angles 4.76475 2.49582 1.90241 1.02974 data -0.0628072 0.149539 0.0100226
location 0 0 0 angles 4.41568 2.67035 0.261799 3.31613 data 0.0762492 0.0343291 0.0400486
location 0 0 0 angles 1.41372 5.86431 4.29351 3.42085 data -0.0118024 -0.183 0.019738
location 0 0 0 angles 0.349066 3.1765 5.25344 0.715585 data -0.0668005 0.0514252 -0.0539174
location 0 0 0 angles 2.07694 1.39626 5.06145 3.07178 data 0.0890164 -0.111389 0.0511149
location 0 0 0 angles 4.79966 6.16101 3.80482 2.80998 data -0.065605 -0.106241 0.0318958
location 0 0 0 angles 3.92699 5.77704 3.03687 0.244346 data -0.0449146 0.0477784 -0.0113045
location 0 0 0 angles 1.81514 1.62316 5.34071 1.6057 data 0.045011 -0.035318 -0.0006802
location -5376 0 0 angles 0 0 0 0 data -0.0173848 -0.000623595 -0.149817
location -5376 0 0 angles 0.977384 5.35816 1.20428 2.44346 data -0.0428339 -0.0939627 -0.0289962
location -5376 0 0 angles 3.42085 3.59538 4.39823 1.78024 data -0.03062 -0.00630951 0.0741676
location -5376 0 0 angles 1.0821 3.03687 4.46804 0.139626 data -0.0594332 0.0477748 -0.00738864
location -5376 0 0 angles 2.00713 5.35816 3.42085 3.80482 data -0.0264964 -0.120239 0.061119
location -5376 0 0 angles 0.383972 6.10865 4.29351 4.90438 data -0.052067 -0.0822063 -0.0500911
location -5376 0 0 angles 4.31096 2.19911 3.14159 1.41372 data -0.0786311 0.0764664 0.0735775
location -5376 0 0 angles 5.20108 5.51524 0.680678 0.959931 data -0.0349529 0.0257794 -0.101403
location -5376 0 0 angles 0.0872665 4.03171 3.10669 2.00713 data -0.181258 -0.0220507 0.0607364
location -5376 0 0 angles 3.24631 2.07694 4.2237 1.5708 data 0.00384283 0.00256591 0.0727264
location -5376 0 0 angles 5.79449 1.3439 1.91986 2.63545 data -0.048193 -0.0221733 0.0187693
location -5376 0 0 angles 4.31096 0.593412 2.14675 1.50098 data -0.0418759 0.0200002 0.00934248
location -5376 0 0 angles 4.50295 1.98968 0.139626 4.01426 data 0.128579 0.0386871 -0.00437307
location -5376 0 0 angles 5.14872 0.680678 3.22886 4.60767 data -0.0477836 -0.0133791 0.0072558
location -5376 0 0 angles 3.89208 3.61283 3.82227 5.8294 data -0.0515976 0.100572 0.0386583
location -5376 0 0 angles 1.29154 3.45575 5.58505 2.6529 data 0.0220602 -0.068931 0.0219985
location -5376 0 0 angles 0.610865 0.453786 3.1765 4.08407 data -0.0597467 -0.0887787 0.019141
location -5376 0 0 angles 1.8326 3.22886 2.93215 2.14675 data -0.0885174 -0.00460525 0.111013
location -5376 0 0 angles 4.46804 0.139626 5.77704 2.02458 data 0.0494483 -0.0790089 -0.0460204
location -5376 0 0 angles 1.58825 4.7473 2.80998 1.8326 data -0.128152 -0.0628722 0.048708
location -5376 0 0 angles 0.488692 1.50098 4.46804 0.314159 data -0.059748 0.0149374 -0.0408459
location -5376 0 0 angles 3.87463 2.42601 5.18363 6.23083 data 0.0634652 0.107696 -0.0139826
location -5376 0 0 angles 0.698132 3.14159 1.36136 1.0821 data -0.0650334 0.0877926 -0.0170368
location -5376 0 0 angles 2.30383 5.20108 3.21141 2.42601 data -0.0712763 -0.11453 0.0788279
location -5376 0 0 angles 0.471239 0.977384 4.97419 4.17134 data 0.0370925 -0.093652 -0.0312577
location -5376 5376 0 angles 0 0 0 0 data 0.00765862 0.00236006 -0.150013
location -5376 5376 0 angles 2.14675 2.84489 0.610865 4.01426 data 0.118919 0.0385221 0.0305226
location -5376 5376 0 angles 4.7473 1.3439 4.01426 4.41568 data 0.0165446 -0.0132793 0.0219532
location -5376 5376 0 angles 1.5708 2.86234 3.66519 5.37561 data -0.0447122 0.0506825 0.0523961
location -5376 5376 0 angles 5.27089 6.14356 5.74213 0.279253 data 0.00574488 -0.0378809 -0.130822
location -5376 5376 0 angles 3.59538 3.4383 4.15388 5.63741 data -0.00465363 0.0791097 0.0505715
location -5376 5376 0 angles 5.63741 4.71239 0.366519 2.82743 data -0.0168581 -0.0349275 -0.0431008
location -5376 5376 0 angles 1.44862 0.191986 5.44543 0.523599 data -0.0407087 -0.0733064 -0.102267
location -5376 5376 0 angles 3.52557 0.15708 4.43314 0.575959 data 0.0106798 -0.0423425 -0.0279186
location -5376 5376 0 angles 4.95674 3.85718 2.00713 2.23402 data -0.104278 0.048747 0.0561879
location -5376 5376 0 angles 5.27089 6.07375 4.7473 0.418879 data -0.0508365 -0.0293495 -0.088571
location -5376 5376 0 angles 6.23083 2.23402 4.62512 4.99164 data -0.00888425 0.0358406 -0.00653561
location -5376 5376 0 angles 2.47837 1.55334 5.5676 5.27089 data 0.148122 0.029117 -0.0310933
location -5376 5376 0 angles 4.34587 0.820305 4.86947 5.67232 data 0.0636763 0.00702493 -0.0552913
location -5376 5376 0 angles 2.67035 2.77507 2.07694 0.872665 data -0.0149615 0.115368 0.0693558
location -5376 5376 0 angles 1.18682 4.57276 5.44543 1.02974 data -0.0408673 -0.0351462 -0.0579414
location -5376 5376 0 angles 0.715585 4.88692 4.17134 5.68977 data -0.109321 -0.0308782 -0.043215
location -5376 5376 0 angles 4.90438 2.33874 1.90241 3.26377 data -0.0054912 0.0625657 0.0696023
location -5376 5376 0 angles 4.17134 1.43117 0.575959 1.76278 data 0.0900661 0.0380013 -0.0164067
location -5376 5376 0 angles 2.1293 1.79769 4.10152 3.42085 data 0.0469685 -0.0917554 0.0775031
location -5376 5376 0 angles 4.83456 2.93215 3.82227 4.69494 data -0.0396526 0.0716992 0.0633215
location -5376 5376 0 angles 5.5676 3.7001 1.8675 1.41372 data -0.127626 0.0976591 0.0238717
location -5376 5376 0 angles 1.309 2.80998 4.97419 3.03687 data 0.0248238 -0.0588253 0.0441679
location -5376 5376 0 angles 1.64061 3.03687 1.78024 2.96706 data -0.0151611 0.0168092 0.0812581
location -5376 5376 0 angles 5.95157 4.5204 0.593412 4.67748 data -0.0043943 0.039621 -0.0704389
location 0 5376 0 angles 0 0 0 0 data 0.0272595 0.0177234 -0.147056
location 0 5376 0 angles 3.01942 3.52557 4.93928 2.11185 data 0.0320295 -0.0214746 0.0677667
location 0 5376 0 angles 2.04204 0.471239 0.15708 4.31096 data 0.140779 -0.0752338 -0.0383895
location 0 5376 0 angles 2.21657 3.64774 2.35619 1.88496 data -0.0744928 0.0182144 0.0855557
location 0 5376 0 angles 4.81711 1.81514 4.85202 2.89725 data 0.0291198 -0.0127422 0.0406527
location 0 5376 0 angles 2.98451 3.22886 4.92183 3.49066 data 0.075043 -0.0281814 0.0895918
location 0 5376 0 angles 2.18166 3.42085 0.541052 0.122173 data 0.0449916 0.104482 -0.00872694
location 0 5376 0 angles 5.67232 4.2586 2.1293 3.49066 data -0.114938 -0.0148469 0.0208135
location 0 5376 0 angles 0.0349066 3.22886 5.98648 5.72468 data -0.0112441 0.107825 -0.0629745
location 0 5376 0 angles 2.63545 4.34587 1.50098 2.60054 data 0.00269377 -0.0373487 0.0509466
location 0 5376 0 angles 2.46091 4.5204 3.14159 1.02974 data -0.0828366 -0.0179015 0.0363308
location 0 5376 0 angles 5.91667 0.663225 6.07375 0.715585 data 0.00819769 0.0239968 -0.11683
location 0 5376 0 angles 6.03884 1.13446 5.70723 4.03171 data 0.0581174 -0.0383665 -0.0511931
location 0 5376 0 angles 0.872665 3.97935 5.00909 3.71755 data 0.0418954 -0.0757131 0.00204971
location 0 5376 0 angles 3.89208 6.07375 1.95477 0.593412 data -3.89427e-05 0.0428016 -0.0226725
location 0 5376 0 angles 3.82227 4.50295 2.05949 2.19911 data -0.0507834 -0.00144586 0.0533421
location 0 5376 0 angles 3.78736 4.20624 6.14356 4.29351 data 0.094339 0.0104147 0.00395966
location 0 5376 0 angles 5.28835 3.15905 6.14356 0.296706 data -0.0123342 0.143208 -0.0517325
location 0 5376 0 angles 3.7001 5.98648 2.80998 5.28835 data 0.00900728 0.00584345 0.00356392
location 0 5376 0 angles 3.87463 3.01942 4.06662 6.19592 data -0.0121081 0.111408 0.0536584
location 0 5376 0 angles 2.82743 3.05433 1.71042 2.3911 data 0.0131644 0.0464109 0.103143
location 0 5376 0 angles 5.81195 1.46608 4.46804 2.6529 data -0.0400801 -0.0574428 0.0138772
location 0 5376 0 angles 0.959931 3.63028 4.72984 4.29351 data 0.029092 -0.032619 0.010171
location 0 5376 0 angles 5.20108 5.25344 1.81514 3.05433 data -0.0657999 -0.0508522 -0.0117669
location 0 5376 0 angles 3.68264 3.87463 0.837758 0 data 0.0442567 0.130051 -0.0108065
location 5376 5376 0 angles 0 0 0 0 data -0.0209852 0.00752648 -0.146743
location 5376 5376 0 angles 2.46091 5.5676 2.46091 1.46608 data -0.0293462 -0.0576944 0.0114487
location 5376 5376 0 angles 5.55015 3.01942 0.837758 5.39307 data -0.0175514 0.144287 -0.0362839
location 5376 5376 0 angles 1.50098 4.92183 1.64061 4.92183 data -0.00705213 -0.0442816 -0.0377613
location 5376 5376 0 angles 3.57792 0.366519 3.35103 2.18166 data 0.0142757 -0.0653571 0.0544913
location 5376 5376 0 angles 5.35816 1.50098 3.50811 5.55015 data -0.049399 0.0861912 -0.0120371
location 5376 5376 0 angles 1.81514 4.59022 3.45575 4.81711 data -0.0319011 -0.0752642 0.0154674
location 5376 5376 0 angles 4.29351 1.6057 4.06662 4.5204 data 0.0526862 0.0369649 0.0509749
location 5376 5376 0 angles 3.57792 2.79253 1.97222 2.68781 data 0.0109834 0.0631574 0.122699
location 5376 5376 0 angles 2.33874 3.33358 2.96706 3.63028 data -0.0258252 -0.0377045 0.120037
location 5376 5376 0 angles 4.92183 1.15192 1.74533 0.680678 data -0.0192005 0.115804 -0.033165
location 5376 5376 0 angles 4.4855 3.31613 3.9968 4.46804 data -0.0262885 0.0503612 0.0605903
location 5376 5376 0 angles 4.08407 5.75959 2.53073 5.60251 data 0.0109852 0.0338947 -0.0125651
location 5376 5376 0 angles 3.38594 3.35103 1.91986 2.25147 data -0.0149105 0.0520734 0.103956
location 5376 5376 0 angles 2.51327 1.88496 2.51327 6.14356 data 0.0305074 0.0893355 0.0533446
location 5376 5376 0 angles 6.19592 1.64061 3.97935 0.610865 data -0.107354 0.056838 -0.0351154
location 5376 5376 0 angles 5.25344 0.523599 1.43117 1.0472 data -0.0365421 0.0630222 -0.0690629
location 5376 5376 0 angles 5.89921 5.28835 2.26893 4.20624 data -0.0893806 -0.0576524 -0.0450907
location 5376 5376 0 angles 0.733038 5.044 4.38078 4.45059 data -0.00772778 -0.114072 -0.0517355
location 5376 5376 0 angles 5.34071 2.07694 6.10865 5.16617 data 0.0422647 0.114285 -0.0370392
location 5376 5376 0 angles 0.0174533 1.11701 0.0872665 1.15192 data -0.0134083 0.0337157 -0.0897734
location 5376 5376 0 angles 4.17134 0.488692 2.16421 0.122173 data 0.0262597 0.0780408 -0.0176372
location 5376 5376 0 angles 4.11898 2.19911 2.75762 5.98648 data 0.00231464 0.153891 0.0579227
location 5376 5376 0 angles 4.13643 4.86947 5.55015 3.4383 data 0.0535608 -0.0638014 0.0100043
location 5376 5376 0 angles 4.97419 0.733038 2.07694 4.18879 data 0.00388858 0.004219 -0.00364641
location 5376 0 0 angles 0 0 0 0 data 0.0342029 0.00279776 -0.147673
location 5376 0 0 angles 3.03687 1.13446 5.55015 3.15905 data 0.128774 -0.0779931 0.061573
location 5376 0 0 angles 4.53786 3.42085 1.18682 2.75762 data -0.0621625 0.0418659 0.0451501
location 5376 0 0 angles 2.11185 0.890118 6.02139 1.25664 data 0.0115583 -0.0297155 -0.0245201
location 5376 0 0 angles 3.90954 4.81711 1.88496 4.53786 data 0.00225803 0.0260586 0.0221606
location 5376 0 0 angles 5.84685 2.9147 0.383972 2.56563 data -0.0524918 0.00700584 -0.00820219
location 5376 0 0 angles 3.92699 6.16101 0.802851 0.0349066 data 0.0933036 0.0773327 -0.0629686
location 5376 0 0 angles 5.96903 4.86947 0.994838 1.11701 data -0.102473 0.0211765 -0.100188
location 5376 0 0 angles 1.8675 0.977384 6.26573 2.26893 data 0.0676096 -0.0712276 0.0046488
location 5376 0 0 angles 2.80998 0.628319 2.74017 6.17847 data 0.0423519 0.0478936 0.0107464
location 5376 0 0 angles 4.67748 5.98648 4.24115 2.94961 data -0.0359943 -0.103285 0.0171738
location 5376 0 0 angles 3.78736 5.95157 5.044 3.29867 data 0.0780721 -0.106447 0.0324811
location 5376 0 0 angles 0.733038 0.802851 5.77704 1.76278 data -0.00497845 -0.0722533 -0.0611881
location 5376 0 0 angles 2.63545 5.96903 3.45575 5.25344 data 0.0506617 -0.0266805 0.0170121
location 5376 0 0 angles 4.59022 5.61996 4.24115 6.14356 data -0.0272668 0.0310547 -0.054301
location 5376 0 0 angles 4.59022 3.22886 3.75246 3.03687 data -0.0806783 -0.000401121 0.0892672
location 5376 0 0 angles 0.401426 3.97935 0.383972 4.71239 data -0.00552131 -0.00034287 -0.0580228
location 5376 0 0 angles 0.471239 4.24115 0.837758 2.98451 data -0.0676517 -0.0672825 -0.020902
location 5376 0 0 angles 4.2237 4.81711 5.81195 4.41568 data 0.0735142 -0.0169267 -0.0110185
location 5376 0 0 angles 2.00713 5.55015 4.81711 2.25147 data 0.00863968 -0.149168 0.0135802
location 5376 0 0 angles 0.139626 4.06662 3.21141 3.31613 data -0.151812 -0.079834 0.0269365
location 5376 0 0 angles 2.44346 3.63028 3.14159 5.75959 data -0.015645 0.0706717 0.0488303
location 5376 0 0 angles 1.22173 0.10472 3.22886 2.19911 data -0.0835805 -0.122251 0.0101195
location 5376 0 0 angles 0.471239 1.50098 4.53786 4.81711 data -0.0117269 -0.0235379 -0.0252812
location 5376 0 0 angles 2.30383 0.802851 5.98648 1.8326 data 0.0949029 -0.0526882 0.00198011
location 5376 -5376 0 angles 0 0 0 0 data -0.0177315 0.016863 -0.150759
location 5376 -5376 0 angles 5.58505 6.26573 0.226893 5.044 data 0.0411291 -0.0117874 -0.107476
location 5376 -5376 0 angles 2.46091 5.79449 2.60054 1.55334 data -0.0215012 -0.0229844 0.0289827
location 5376 -5376 0 angles 2.72271 0.261799 5.49779 4.72984 data 0.164187 -0.0443122 0.00360275
location 5376 -5376 0 angles 2.00713 4.76475 0.436332 5.14872 data 0.103821 -0.00379088 -0.0364552
location 5376 -5376 0 angles 5.16617 1.85005 2.16421 3.75246 data -0.0335797 0.0123544 0.0395793
location 5376 -5376 0 angles 0.174533 3.03687 5.44543 6.21337 data -0.0466859 0.0693528 -0.0903944
location 5376 -5376 0 angles 5.41052 3.00197 0.541052 1.72788 data -0.0714613 0.0517891 -0.035625
location 5376 -5376 0 angles 4.4855 3.00197 1.15192 1.27409 data -0.0336995 0.133656 -0.010719
location 5376 -5376 0 angles 1.55334 6.05629 5.88176 3.82227 data 0.0950426 -0.156607 0.00337106
location 5376 -5376 0 angles 2.11185 5.14872 2.87979 1.16937 data -0.0540476 -0.00951169 0.0101572
location 5376 -5376 0 angles 0.855211 3.97935 3.54302 3.57792 data -0.100155 -0.105499 0.0566116
location 5376 -5376 0 angles 5.20108 0.890118 1.0472 6.24828 data 0.0538853 0.115921 -0.108588
location 5376 -5376 0 angles 5.37561 0.10472 3.33358 5.11381 data -0.0550729 0.00184287 -0.0488135
location 5376 -5376 0 angles 1.44862 3.33358 3.42085 1.85005 data -0.116531 -0.01661 0.0576519
location 5376 -5376 0 angles 2.53073 3.38594 2.68781 4.7473 data 0.0353739 0.0574636 0.0813368
location 5376 -5376 0 angles 5.68977 0.942478 2.40855 4.72984 data -0.034101 0.0139776 -0.0317684
location 5376 -5376 0 angles 0.575959 1.3439 2.86234 2.63545 data -0.0988063 -0.0808606 0.0373801
location 5376 -5376 0 angles 0.994838 1.36136 4.5204 2.19911 data -0.0561228 -0.0952855 0.0228227
location 5376 -5376 0 angles 4.81711 1.09956 2.9147 2.11185 data -0.0961379 0.0031193 0.0288254
location 5376 -5376 0 angles 2.3911 1.98968 3.45575 1.23918 data -0.0243997 0.052141 0.0580093
location 5376 -5376 0 angles 6.23083 0.785398 2.67035 5.09636 data -0.0461516 0.0111126 -0.0486643
location 5376 -5376 0 angles 3.33358 3.1765 1.62316 4.57276 data 0.0870541 0.0930224 0.0649456
location 5376 -5376 0 angles 2.30383 3.59538 0.471239 4.85202 data 0.124299 0.0400857 0.0177529
location 5376 -5376 0 angles 5.20108 2.04204 0.802851 4.85202 data 0.043797 0.0845302 -0.0413394
location 0 -5376 0 angles 0 0 0 0 data -0.000893295 0.00870467 -0.149965
location 0 -5376 0 angles 1.97222 4.01426 1.309 2.49582 data 0.00504208 -0.038633 0.0528649
location 0 -5376 0 angles 3.03687 3.59538 1.55334 1.93732 data 0.00382967 0.0489948 0.0602798
location 0 -5376 0 angles 5.51524 5.58505 1.91986 4.55531 data -0.0285729 -0.00920167 -0.0394382
location 0 -5376 0 angles 2.67035 4.38078 0.541052 3.21141 data 0.0940648 -0.0723398 0.0506499
location 0 -5376 0 angles 5.98648 5.3058 3.15905 2.96706 data -0.132354 -0.120767 0.0335432
location 0 -5376 0 angles 5.5676 5.96903 1.62316 1.06465 data -0.0926909 0.0228783 -0.0835305
location 0 -5376 0 angles 2.89725 0.558505 5.21853 1.23918 data 0.0639244 -0.0298337 -0.0180483
location 0 -5376 0 angles 4.55531 5.48033 4.10152 1.72788 data -0.104445 -0.0461674 0.0114721
location 0 -5376 0 angles 5.53269 1.98968 1.85005 0.733038 data -0.0860058 0.124232 -0.0514766
location 0 -5376 0 angles 2.30383 3.4383 0.645772 4.69494 data 0.127451 0.0525904 0.00903592
location 0 -5376 0 angles 5.67232 1.44862 4.92183 1.37881 data -0.121094 -0.0110993 -0.0387843
location 0 -5376 0 angles 1.13446 0.837758 3.29867 5.18363 data -0.0235246 0.000167734 -0.0149378
location 0 -5376 0 angles 2.18166 3.12414 1.67552 2.67035 data 0.0181475 -0.00583314 0.0914992
location 0 -5376 0 angles 0.0523599 5.58505 3.92699 2.28638 data -0.14544 -0.136421 0.0106563
location 0 -5376 0 angles 2.93215 3.05433 5.20108 5.07891 data 0.100734 0.0665179 0.0194678
location 0 -5376 0 angles 6.03884 4.39823 3.89208 2.18166 data -0.169673 -0.0832154 0.0299901
location 0 -5376 0 angles 2.1293 3.33358 0.418879 3.07178 data 0.0837445 -0.0492012 0.0631777
location 0 -5376 0 angles 0.296706 4.17134 5.27089 2.79253 data -0.058504 -0.119301 0.0098516
location 0 -5376 0 angles 4.55531 4.66003 1.6057 1.69297 data -0.0672334 0.031128 -0.00690618
location 0 -5376 0 angles 4.59022 5.61996 0.261799 3.03687 data 0.0500221 -0.0866073 -0.00853557
location 0 -5376 0 angles 4.39823 5.55015 2.18166 3.50811 data -0.0103675 -0.0450489 0.0439579
location 0 -5376 0 angles 3.21141 3.57792 4.81711 6.02139 data 0.0294699 0.0930351 -0.00279831
location 0 -5376 0 angles 2.35619 3.4383 4.01426 4.67748 data 0.0283786 0.0158398 0.0683918
location 0 -5376 0 angles 5.98648 3.56047 3.47321 5.84685 data -0.134292 0.0931057 -0.0308841
location -5376 -5376 0 angles 0 0 0 0 data 0.0296868 0.0028756 -0.152214
location -5376 -5376 0 angles 1.69297 6.03884 3.59538 3.56047 data -0.0344485 -0.139103 0.0720556
location -5376 -5376 0 angles 1.67552 1.6057 0.436332 3.9619 data 0.145411 -0.0426807 -0.00184638
location -5376 -5376 0 angles 3.59538 2.79253 4.36332 4.53786 data 0.0488196 0.0498808 0.0607295
location -5376 -5376 0 angles 0 0.890118 1.88496 0.488692 data -0.0811782 0.0688547 -0.0722784
location -5376 -5376 0 angles 1.51844 3.35103 6.00393 4.2237 data 0.100333 -0.0262357 -0.000973431
location -5376 -5376 0 angles 3.4383 6.26573 5.23599 0.366519 data 0.0437685 0.00444048 -0.0666605
location -5376 -5376 0 angles 1.309 4.7822 1.20428 3.38594 data 0.0286658 -0.0896299 0.009068
location -5376 -5376 0 angles 3.92699 3.00197 5.11381 5.70723 data 0.0386909 0.108056 -0.0235126
location -5376 -5376 0 angles 0.541052 0.383972 1.67552 4.45059 data 0.0182158 -0.0228644 -0.0382992
location -5376 -5376 0 angles 4.15388 5.18363 5.89921 1.32645 data 0.0109577 -0.0185209 -0.0511628
location -5376 -5376 0 angles 0.139626 3.12414 3.28122 2.18166 data -0.153098 -0.0182446 0.0821765
location -5376 -5376 0 angles 4.69494 2.00713 5.93412 1.48353 data 0.030661 0.0347838 -0.0310202
location -5376 -5376 0 angles 1.09956 1.20428 3.45575 3.735 data -0.0245543 -0.0915231 0.068252
location -5376 -5376 0 angles 5.84685 5.84685 6.12611 5.65487 data 0.022967 0.00769926 -0.14621
location -5376 -5376 0 angles 2.21657 2.70526 0.680678 0.715585 data 0.0604711 0.094323 -0.0350277
location -5376 -5376 0 angles 5.96903 5.27089 4.27606 3.94444 data -0.0676652 -0.106914 0.0105268
location -5376 -5376 0 angles 5.53269 3.29867 1.58825 1.0821 data -0.0939537 0.111305 -0.027314
location -5376 -5376 0 angles 0.907571 5.34071 5.86431 2.18166 data -0.00675643 -0.143807 -0.0355099
location -5376 -5376 0 angles 1.58825 2.75762 0.314159 0.959931 data 0.0362144 0.0516839 -0.0429134
location -5376 -5376 0 angles 4.67748 1.90241 0.802851 1.97222 data 0.0298405 0.0329184 -0.00412279
location -5376 -5376 0 angles 2.61799 2.6529 5.93412 4.55531 data 0.156953 0.0376184 0.00259339
location -5376 -5376 0 angles 5.09636 1.95477 3.1765 5.14872 data -0.0574742 0.101549 0.0132654
location -5376 -5376 0 angles 4.55531 5.86431 1.29154 5.48033 data 0.0288614 0.0849268 -0.0904365
location -5376 -5376 0 angles 5.70723 5.70723 3.07178 4.69494 data -0.0900521 -0.017448 -0.00847551
location -5376 -5376 5376 angles 0 0 0 0 data 0.0138487 0.011482 -0.145507
location -5376 -5376 5376 angles 5.16617 3.47321 0.680678 5.77704 data 0.0376699 0.170008 -0.0885118
location -5376 -5376 5376 angles 0 3.26377 1.62316 5.60251 data -0.0550723 0.169447 -0.0582377
location -5376 -5376 5376 angles 0.750492 1.65806 5.74213 3.1765 data 0.0782434 -0.126708 0.00421208
location -5376 -5376 5376 angles 1.44862 4.18879 3.59538 1.01229 data -0.15764 0.0131489 0.03096
location -5376 -5376 5376 angles 3.50811 0.541052 4.18879 5.98648 data -0.00084179 0.0417295 -0.0203423
location -5376 -5376 5376 angles 0.261799 4.03171 4.93928 3.10669 data -0.0481005 -0.129753 0.0343652
location -5376 -5376 5376 angles 5.02655 2.37365 1.48353 4.62512 data 0.0711721 0.122088 -0.0165349
location -5376 -5376 5376 angles 2.47837 0.174533 3.1765 5.5676 data -0.0198743 0.0411225 -0.00152468
location -5376 -5376 5376 angles 2.47837 1.41372 3.10669 5.37561 data 0.00999048 0.0831126 0.0212376
location -5376 -5376 5376 angles 0.733038 2.42601 2.93215 5.86431 data -0.11151 0.123913 -0.00592282
location -5376 -5376 5376 angles 0.226893 1.65806 1.39626 3.9968 data 0.0480751 -0.00749346 -0.00533059
location -5376 -5376 5376 angles 2.86234 0.261799 5.48033 4.11898 data 0.16702 -0.107497 -0.00532335
location -5376 -5376 5376 angles 5.46288 5.23599 0.0174533 2.18166 data -0.0251632 -0.107281 -0.0419272
location -5376 -5376 5376 angles 3.12414 4.13643 2.33874 5.68977 data -0.0309159 0.157137 0.00833525
location -5376 -5376 5376 angles 3.87463 3.4383 6.05629 0.750492 data 0.0441907 0.115823 -0.0447707
location -5376 -5376 5376 angles 2.25147 5.93412 3.87463 1.88496 data -0.0692818 -0.123419 0.0577927
location -5376 -5376 5376 angles 3.68264 2.28638 5.02655 1.36136 data 0.0252809 0.0413162 0.0203974
location -5376 -5376 5376 angles 1.95477 4.39823 1.71042 1.25664 data -0.0489388 0.0328437 0.00236417
location -5376 -5376 5376 angles 3.07178 2.98451 0.0872665 0.314159 data 0.0960335 0.137468 -0.0455686
location -5376 -5376 5376 angles 2.74017 0.715585 4.88692 0.802851 data 0.0218069 -0.0233107 -0.0266315
location -5376 -5376 5376 angles 2.54818 6.19592 8.88178e-16 1.09956 data 0.0592441 -0.0390365 -0.0609538
location -5376 -5376 5376 angles 0.0349066 2.72271 2.16421 3.57792 data -0.0494668 0.00708713 0.0588709
location -5376 -5376 5376 angles 1.88496 1.50098 0.20944 4.2586 data 0.186941 -0.0373069 -0.0155442
location -5376 -5376 5376 angles 1.88496 2.54818 1.44862 0.261799 data 0.0237019 0.148751 -0.0327684
location -5376 0 5376 angles 0 0 0 0 data 0.0104211 0.00537036 -0.141963
location -5376 0 5376 angles 4.93928 5.68977 1.46608 5.48033 data 0.000979467 0.0829319 -0.0757826
location -5376 0 5376 angles 4.20624 2.23402 3.24631 2.33874 data -0.0641771 0.0168223 0.106694
location -5376 0 5376 angles 1.53589 4.79966 2.02458 1.22173 data -0.10828 -0.00687211 -0.00142924
location -5376 0 5376 angles 6.26573 3.00197 3.92699 5.49779 data -0.114131 0.08184 0.00484084
location -5376 0 5376 angles 5.00909 1.62316 5.84685 3.49066 data 0.110072 -0.0280468 -0.0121218
location -5376 0 5376 angles 3.45575 5.34071 3.03687 4.67748 data -0.0198134 -0.00809539 0.0360285
location -5376 0 5376 angles 3.36849 3.50811 5.044 1.13446 data 0.0176969 0.0461201 0.016889
location -5376 0 5376 angles 3.28122 5.48033 0.418879 5.75959 data 0.111829 0.0543204 -0.0849761
location -5376 0 5376 angles 5.37561 1.62316 3.68264 4.59022 data -0.0505593 0.0277097 0.0263696
location -5376 0 5376 angles 3.92699 5.07891 2.46091 4.86947 data -0.0329763 0.0494393 0.0156901
location -5376 0 5376 angles 5.51524 0.767945 4.11898 3.61283 data -0.041013 -0.122461 0.016899
location -5376 0 5376 angles 3.97935 1.3439 4.03171 3.89208 data 0.0482744 -0.0486908 0.0618099
location -5376 0 5376 angles 2.02458 6.02139 5.34071 3.40339 data 0.108731 -0.191527 -0.00807318
location -5376 0 5376 angles 4.66003 1.0821 5.25344 1.85005 data 0.0365183 -0.052703 -0.0183738
location -5376 0 5376 angles 0.15708 4.11898 5.53269 5.23599 data -0.00965847 0.0332698 -0.071013
location -5376 0 5376 angles 4.67748 4.11898 5.00909 1.32645 data -0.0568384 0.0144457 -0.0122766
location -5376 0 5376 angles 5.3058 6.23083 6.23083 4.60767 data 0.0877508 -0.0355958 -0.0951131
location -5376 0 5376 angles 3.52557 5.67232 0.0872665 4.10152 data 0.154536 -0.0669782 -0.0353889
location -5376 0 5376 angles 5.42797 3.66519 4.97419 2.04204 data -0.0802197 -0.0393597 0.012285
location -5376 0 5376 angles 4.64258 4.38078 4.66003 3.14159 data -0.0271722 -0.0918693 0.0392464
location -5376 0 5376 angles 0.488692 6.19592 2.16421 6.24828 data -0.114818 0.0307783 -0.0634511
location -5376 0 5376 angles 3.28122 0.802851 2.74017 2.18166 data -0.0436943 -0.0326291 0.0720496
location -5376 0 5376 angles 1.0472 6.07375 0.331613 3.19395 data 0.0383518 -0.155129 -0.048916
location -5376 0 5376 angles 5.28835 2.53073 3.45575 6.05629 data -0.126925 0.14185 0.0166089
location -5376 5376 5376 angles 0 0 0 0 data 0.0279148 0.00179976 -0.142386
location -5376 5376 5376 angles 2.32129 3.4383 0.733038 0.191986 data 0.0612092 0.143684 -0.0101266
location -5376 5376 5376 angles 1.6057 5.48033 1.48353 1.97222 data -0.0430643 -0.0855174 -0.0235688
location -5376 5376 5376 angles 3.52557 5.00909 5.48033 0.872665 data 0.0437287 -0.00912022 -0.046597
location -5376 5376 5376 angles 0.925025 3.14159 5.23599 0.15708 data -0.0117234 0.0737546 -0.0323182
location -5376 5376 5376 angles 0.698132 2.79253 0.174533 1.8675 data 0.0155573 0.0351522 -0.0147469
location -5376 5376 5376 angles 4.7473 3.66519 0.907571 4.53786 data 0.0429839 0.12212 -0.00518694
location -5376 5376 5376 angles 2.42601 3.22886 2.21657 2.61799 data -0.0290089 0.0248801 0.112469
location -5376 5376 5376 angles 4.41568 2.70526 1.65806 1.11701 data -0.0210204 0.171829 0.0394678
location -5376 5376 5376 angles 3.29867 0.575959 0.820305 2.72271 data 0.131143 -0.0683289 -0.0100432
location -5376 5376 5376 angles 4.72984 1.67552 2.18166 5.91667 data -0.0305794 0.150578 0.00524168
location -5376 5376 5376 angles 0.907571 0.191986 5.67232 1.06465 data 0.0185983 -0.0869622 -0.104883
location -5376 5376 5376 angles 5.34071 3.54302 2.0944 0.541052 data -0.144551 0.172457 0.0204946
location -5376 5376 5376 angles 0.645772 1.50098 3.49066 3.71755 data -0.0582058 -0.082352 0.0434175
location -5376 5376 5376 angles 1.6057 3.57792 0.610865 2.44346 data 0.0280301 0.00657883 0.0175316
location -5376 5376 5376 angles 3.24631 0.506145 0.715585 2.94961 data 0.144594 -0.0791378 -0.0146037
location -5376 5376 5376 angles 1.44862 0.174533 0.349066 2.98451 data 0.0900827 -0.138126 -0.0548572
location -5376 5376 5376 angles 5.34071 2.70526 2.02458 4.59022 data -0.0417604 0.137807 0.0419127
location -5376 5376 5376 angles 3.00197 5.28835 0 4.20624 data 0.143629 -0.0670881 -0.0389648
location -5376 5376 5376 angles 1.11701 1.32645 5.63741 0.139626 data -0.0213954 0.0121032 -0.0811042
location -5376 5376 5376 angles 0.977384 5.48033 5.63741 2.3911 data 0.00134082 -0.163992 -0.0637027
location -5376 5376 5376 angles 1.79769 4.32842 2.84489 4.34587 data -0.0839287 -0.0350239 0.0574427
location -5376 5376 5376 angles 3.07178 0.418879 4.95674 1.91986 data 0.0789399 -0.132376 -0.0148938
location -5376 5376 5376 angles 3.14159 3.82227 1.29154 3.94444 data 0.0753815 0.0521346 0.0497669
location -5376 5376 5376 angles 4.57276 0.523599 2.04204 3.45575 data 0.000426574 -0.0438082 0.017495
location 0 5376 5376 angles 0 0 0 0 data 0.0159783 0.00350023 -0.138624
location 0 5376 5376 angles 3.26377 3.50811 5.88176 2.6529 data 0.0886174 -0.0027055 0.0548535
location 0 5376 5376 angles 1.85005 5.70723 2.47837 3.80482 data -0.0183674 -0.143195 0.0218204
location 0 5376 5376 angles 0.680678 4.24115 3.15905 2.46091 data -0.195526 -0.0903717 0.0324103
location 0 5376 5376 angles 2.68781 5.79449 2.35619 2.32129 data -0.0125101 -0.109816 0.0354315
location 0 5376 5376 angles 4.79966 3.19395 3.87463 6.24828 data -0.0937552 0.135811 0.0252747
location 0 5376 5376 angles 3.42085 5.84685 3.68264 5.77704 data 0.0108879 -0.0203958 -0.00553085
location 0 5376 5376 angles 5.39307 1.79769 5.37561 1.25664 data -0.00536433 0.0665286 -0.0334744
location 0 5376 5376 angles 3.94444 4.06662 0.959931 3.22886 data 0.0457499 0.0141981 0.0381242
location 0 5376 5376 angles 1.71042 3.63028 1.69297 1.79769 data -0.0731254 0.0363324 0.0421371
location 0 5376 5376 angles 2.26893 5.34071 1.8326 4.55531 data 0.0395606 -0.0568905 -0.00223768
location 0 5376 5376 angles 1.8326 1.15192 0.610865 3.76991 data 0.135557 -0.0605989 -0.00144059
location 0 5376 5376 angles 5.16617 1.41372 2.98451 5.00909 data -0.0424194 0.0653647 0.00772246
location 0 5376 5376 angles 3.35103 3.21141 4.43314 2.58309 data 0.0190535 -0.0206643 0.10072
location 0 5376 5376 angles 1.3439 5.8294 5.84685 6.19592 data 0.0472902 -0.0533757 -0.111094
location 0 5376 5376 angles 2.94961 2.49582 3.68264 5.98648 data 0.0133618 0.107771 0.0710966
location 0 5376 5376 angles 3.00197 5.5676 2.44346 3.61283 data 0.0225937 -0.108505 0.0502726
location 0 5376 5376 angles 1.76278 3.33358 2.67035 5.8294 data -0.0802791 0.10126 0.0455705
location 0 5376 5376 angles 5.77704 1.11701 2.11185 3.00197 data -0.0682639 -0.0381516 0.00737444
location 0 5376 5376 angles 3.57792 2.23402 5.77704 4.57276 data 0.174685 0.0839441 0.0331055
location 0 5376 5376 angles 3.15905 2.19911 4.60767 6.10865 data 0.0828434 0.0984613 0.0386751
location 0 5376 5376 angles 3.68264 3.12414 5.74213 3.22886 data 0.108454 0.0196161 0.0626473
location 0 5376 5376 angles 3.49066 3.00197 4.01426 3.1765 data 0.0159097 -0.0107503 0.120098
location 0 5376 5376 angles 2.68781 4.59022 5.49779 0.0872665 data 0.0661714 0.0201096 -0.0316544
location 0 5376 5376 angles 2.18166 4.97419 4.20624 2.77507 data -0.0236898 -0.181224 0.0370602
location 5376 5376 5376 angles 0 0 0 0 data 0.0128068 0.00804828 -0.139583
location 5376 5376 5376 angles 4.95674 3.97935 6.07375 3.22886 data -0.00933841 -0.00470991 0.000524811
location 5376 5376 5376 angles 0.942478 1.48353 3.22886 2.04204 data -0.106084 -0.0516989 0.0179429
location 5376 5376 5376 angles 1.81514 0 2.63545 4.17134 data 0.0146111 -0.130328 0.0121384
location 5376 5376 5376 angles 5.06145 2.07694 2.87979 5.74213 data -0.0669223 0.160032 0.0116783
location 5376 5376 5376 angles 4.92183 5.3058 1.93732 3.28122 data -0.0557976 -0.059277 -0.00741563
location 5376 5376 5376 angles 4.2237 5.06145 2.11185 3.29867 data -0.0195258 -0.0537886 0.0313837
location 5376 5376 5376 angles 3.15905 5.48033 3.00197 3.80482 data 0.0398823 -0.113792 0.0577121
location 5376 5376 5376 angles 4.67748 6.07375 0.244346 1.41372 data 0.0383394 0.00287724 -0.0676896
location 5376 5376 5376 angles 1.16937 1.93732 5.20108 1.29154 data -0.0107019 0.0110708 -0.0148269
location 5376 5376 5376 angles 0.0872665 0.628319 4.86947 3.71755 data -0.00873797 -0.117736 -0.0455325
location 5376 5376 5376 angles 1.50098 1.8675 1.36136 3.45575 data 0.0331192 -0.0328342 0.0378287
location 5376 5376 5376 angles 4.31096 1.06465 1.18682 4.32842 data 0.115659 0.0449631 0.0105496
location 5376 5376 5376 angles 2.00713 1.48353 5.79449 0.296706 data 0.0919718 0.0495732 -0.0228677
location 5376 5376 5376 angles 2.67035 5.42797 1.27409 0.0349066 data 0.0801226 0.0156757 -0.0331586
location 5376 5376 5376 angles 4.64258 5.32325 2.87979 4.15388 data -0.0436677 -0.0501127 0.00654757
location 5376 5376 5376 angles 3.71755 2.79253 2.67035 0.523599 data -0.0216785 0.172401 0.0762882
location 5376 5376 5376 angles 4.85202 3.19395 1.0821 2.96706 data -0.0333728 0.0712152 0.0389433
location 5376 5376 5376 angles 4.10152 4.34587 5.51524 5.42797 data 0.0662268 0.0652808 -0.0158499
location 5376 5376 5376 angles 4.2237 2.11185 0.558505 1.02974 data 0.0681508 0.168556 0.0177501
location 5376 5376 5376 angles 0.279253 1.06465 3.82227 2.68781 data -0.10044 -0.105311 -0.00160564
location 5376 5376 5376 angles 1.36136 5.07891 2.18166 3.92699 data -0.0640225 -0.133703 -0.00697496
location 5376 5376 5376 angles 0.436332 2.77507 1.16937 3.85718 data -0.044145 0.0323878 0.00922235
location 5376 5376 5376 angles 1.43117 0.890118 0.174533 3.94444 data 0.107095 -0.0950548 -0.0226441
location 5376 5376 5376 angles 5.81195 5.49779 1.15192 3.49066 data -0.0473811 -0.0841666 -0.0609767
location 5376 0 5376 angles 0 0 0 0 data -0.0361307 0.00745573 -0.140031
location 5376 0 5376 angles 4.04916 4.97419 0.820305 5.51524 data 0.0870265 0.0863666 -0.0425239
location 5376 0 5376 angles 0.872665 0.628319 2.70526 2.96706 data -0.084653 -0.130468 0.0172737
location 5376 0 5376 angles 4.83456 2.54818 5.044 0.139626 data -0.0151035 0.15465 -0.0289194
location 5376 0 5376 angles 4.64258 5.14872 0.575959 1.79769 data -0.0139487 -0.00181495 -0.0385295
location 5376 0 5376 angles 2.07694 1.29154 4.90438 2.05949 data -0.017774 -0.0890588 0.0358397
location 5376 0 5376 angles 5.84685 4.59022 0.837758 1.97222 data -0.110403 -0.022339 -0.0569198
location 5376 0 5376 angles 5.79449 0.698132 0.20944 1.23918 data -0.0288261 0.013867 -0.0966885
location 5376 0 5376 angles 1.69297 5.74213 2.19911 6.24828 data -0.0128527 -0.000163015 -0.042465
location 5376 0 5376 angles 5.63741 0.610865 0.15708 6.24828 data 0.0141199 0.0671495 -0.12287
location 5376 0 5376 angles 0.296706 5.77704 3.57792 1.55334 data -0.169001 -0.099695 -0.0497668
location 5376 0 5376 angles 2.79253 2.58309 5.84685 3.14159 data 0.125715 -0.027368 0.0889127
location 5376 0 5376 angles 3.76991 1.0472 1.71042 0 data 0.0859194 0.14002 -0.00920299
location 5376 0 5376 angles 2.9147 3.07178 3.49066 1.64061 data -0.0451231 0.0502882 0.0952093
location 5376 0 5376 angles 4.97419 1.29154 5.06145 2.25147 data -0.0175145 -0.0262523 -0.000838828
location 5376 0 5376 angles 5.58505 6.03884 5.63741 4.57276 data 0.0280791 -0.0747349 -0.0809021
location 5376 0 5376 angles 3.92699 4.62512 2.70526 2.02458 data -0.0795236 0.00179301 0.0505475
location 5376 0 5376 angles 3.54302 5.89921 0.820305 0.733038 data 0.0941878 0.0548349 -0.0394688
location 5376 0 5376 angles 1.27409 1.50098 4.27606 3.80482 data 0.00590713 -0.110849 0.0403206
location 5376 0 5376 angles 0.733038 5.35816 5.74213 2.68781 data -0.0391543 -0.179146 -0.0486931
location 5376 0 5376 angles 4.2237 1.85005 1.8326 6.21337 data 0.0337193 0.196734 0.000579278
location 5376 0 5376 angles 3.07178 0.314159 2.6529 4.97419 data 0.087076 0.00901551 0.0313223
location 5376 0 5376 angles 4.67748 6.24828 4.39823 1.65806 data -0.047387 -0.0442438 -0.0211483
location 5376 0 5376 angles 1.20428 2.00713 0.15708 5.28835 data 0.0848248 0.0538761 -0.0395364
location 5376 0 5376 angles 5.42797 0.0349066 6.03884 5.35816 data 0.039656 0.00751661 -0.111122
location 5376 -5376 5376 angles 0 0 0 0 data -0.00392845 0.0134067 -0.14433
location 5376 -5376 5376 angles 3.735 3.1765 1.3439 6.26573 data 0.0590817 0.211416 -0.0132098
location 5376 -5376 5376 angles 2.47837 2.74017 0.558505 4.53786 data 0.17167 0.0432808 0.0454579
location 5376 -5376 5376 angles 3.735 4.03171 1.22173 3.45575 data 0.0580053 -0.00871378 0.068511
location 5376 -5376 5376 angles 3.00197 0.767945 1.01229 2.07694 data 0.0975563 -0.0175943 0.0341579
location 5376 -5376 5376 angles 1.39626 1.11701 2.6529 1.16937 data -0.0621386 0.0187693 -0.00567385
location 5376 -5376 5376 angles 3.31613 5.32325 2.75762 1.85005 data -0.0394107 -0.0129635 0.0504361
location 5376 -5376 5376 angles 0.383972 5.16617 1.25664 1.50098 data -0.106395 -0.0490612 -0.0757612
location 5376 -5376 5376 angles 3.33358 0.20944 3.49066 1.8326 data -0.0211743 -0.0303505 0.0541344
location 5376 -5376 5376 angles 5.93412 4.08407 4.71239 4.53786 data -0.0701937 -0.0476013 -0.0215439
location 5376 -5376 5376 angles 4.2586 2.84489 0.436332 0.715585 data 0.0272195 0.180041 -0.0353985
location 5376 -5376 5376 angles 0.20944 5.48033 2.30383 5.16617 data -0.0738096 -0.0147773 -0.0708412
location 5376 -5376 5376 angles 0.942478 3.24631 1.64061 4.41568 data -0.0067278 -0.000260923 0.0136315
location 5376 -5376 5376 angles 1.85005 3.85718 6.02139 1.71042 data 0.0132526 -0.0250656 0.00852202
location 5376 -5376 5376 angles 1.8675 4.90438 4.86947 1.13446 data -0.0236403 -0.0459304 -0.0184719
location 5376 -5376 5376 angles 6.23083 3.12414 2.02458 1.13446 data -0.15942 0.0936949 -0.0394413
location 5376 -5376 5376 angles 3.45575 2.75762 4.7473 5.25344 data 0.0911452 0.114789 0.0333056
location 5376 -5376 5376 angles 2.6529 6.05629 1.32645 1.93732 data 0.0611855 -0.0410291 0.022784
location 5376 -5376 5376 angles 5.60251 5.13127 6.00393 3.64774 data -0.0148845 -0.127686 -0.0314142
location 5376 -5376 5376 angles 0.506145 6.28319 6.14356 0.925025 data -0.0228193 -0.0371081 -0.112674
location 5376 -5376 5376 angles 1.55334 1.09956 2.35619 5.02655 data 0.0454214 0.0167371 -0.00025829
location 5376 -5376 5376 angles 4.69494 2.86234 0.401426 2.86234 data 0.00238013 0.00787023 0.0331338
location 5376 -5376 5376 angles 0 4.24115 0.20944 2.93215 data -0.064145 -0.10817 -0.0166677
location 5376 -5376 5376 angles 6.12611 1.0472 3.92699 0.436332 data -0.117983 0.0457841 -0.0744515
location 5376 -5376 5376 angles 2.28638 0.0698132 1.76278 0.20944 data 0.067137 0.0666448 -0.0341563
location 0 -5376 5376 angles 0 0 0 0 data 0.0120579 0.0146335 -0.143071
location 0 -5376 5376 angles 2.30383 0.20944 2.96706 4.86947 data 0.0470459 -0.00762987 0.0235232
location 0 -5376 5376 angles 4.86947 1.67552 3.1765 2.11185 data -0.118667 0.00159835 0.0561536
location 0 -5376 5376 angles 4.81711 0.506145 2.3911 5.48033 data -0.028057 0.0973809 -0.0468592
location 0 -5376 5376 angles 1.8326 0.558505 4.5204 3.24631 data 0.0410381 -0.193117 0.0607665
location 0 -5376 5376 angles 2.19911 0.750492 3.7001 3.97935 data 0.0532916 -0.108259 0.0729443
location 0 -5376 5376 angles 2.89725 3.9619 3.38594 1.309 data -0.0886989 0.0477088 0.0597453
location 0 -5376 5376 angles 1.15192 4.32842 2.58309 0.349066 data -0.132608 0.0662324 -0.0292401
location 0 -5376 5376 angles 2.86234 1.98968 4.81711 4.79966 data 0.132654 0.0397786 0.0365297
location 0 -5376 5376 angles 0.471239 5.58505 1.72788 2.53073 data -0.0855359 -0.12532 -0.00581471
location 0 -5376 5376 angles 4.39823 5.79449 4.64258 2.74017 data -0.020845 -0.13842 0.0376837
location 0 -5376 5376 angles 5.25344 0.0523599 2.35619 1.72788 data -0.13244 -0.0203769 -0.0160126
location 0 -5376 5376 angles 0.453786 2.11185 5.51524 5.25344 data 0.0365649 0.0389412 -0.0617805
location 0 -5376 5376 angles 5.49779 1.5708 4.43314 0.506145 data -0.090208 0.0780596 -0.0548835
location 0 -5376 5376 angles 0.0698132 2.67035 2.82743 1.01229 data -0.178116 0.0988599 -0.0084839
location 0 -5376 5376 angles 5.8294 5.89921 4.7473 5.68977 data -0.0602739 -0.0115181 -0.0969248
location 0 -5376 5376 angles 3.52557 2.42601 0.0174533 3.89208 data 0.167968 0.0194744 0.0496772
location 0 -5376 5376 angles 3.66519 5.89921 2.9147 4.99164 data 0.018174 0.0412209 0.01149
location 0 -5376 5376 angles 0.191986 0.558505 0.750492 2.3911 data -0.00729172 -0.109325 -0.0325739
location 0 -5376 5376 angles 0.191986 6.02139 1.5708 3.63028 data -0.0176108 -0.116545 -0.0133816
location 0 -5376 5376 angles 0.366519 4.59022 3.66519 4.53786 data -0.107867 -0.0565998 0.00140664
location 0 -5376 5376 angles 2.82743 0.994838 5.48033 3.50811 data 0.168317 -0.12204 0.0512062
location 0 -5376 5376 angles 5.72468 2.84489 1.22173 3.08923 data -0.0291175 -0.0106751 0.0237164
location 0 -5376 5376 angles 0.488692 5.84685 0.453786 4.79966 data 0.0624426 -0.0629044 -0.0925122
location 0 -5376 5376 angles 0.523599 5.02655 2.84489 2.56563 data -0.161335 -0.13566 0.0340948
location 0 0 5376 angles 0 0 0 0 data 0.00481731 0.00849372 -0.138705
location 0 0 5376 angles 2.46091 1.13446 3.07178 5.32325 data 0.0403782 0.0365881 0.0262928
location 0 0 5376 angles 1.32645 1.44862 4.27606 3.28122 data -0.000131421 -0.132713 0.0537563
location 0 0 5376 angles 3.10669 6.19592 2.68781 4.34587 data 0.0531889 -0.0416909 0.044661
location 0 0 5376 angles 3.80482 5.88176 0.331613 2.23402 data 0.0898987 -0.0711702 -0.0122084
location 0 0 5376 angles 5.39307 2.16421 2.35619 3.90954 data -0.0513371 0.0461759 0.0444191
location 0 0 5376 angles 5.18363 2.26893 0.0698132 3.47321 data 0.0560695 0.0114471 0.00651597
location 0 0 5376 angles 0.610865 3.24631 5.21853 6.02139 data -0.0409522 0.0719285 -0.0547614
location 0 0 5376 angles 1.90241 3.59538 5.98648 5.28835 data 0.0975448 0.0601545 -0.022245
location 0 0 5376 angles 5.11381 2.49582 3.49066 1.50098 data -0.154216 0.0813392 0.0395301
location 0 0 5376 angles 2.89725 3.14159 0.750492 0.820305 data 0.0718073 0.136278 0.007499
location 0 0 5376 angles 5.21853 5.68977 1.90241 1.62316 data -0.110621 -0.00866145 -0.0353662
location 0 0 5376 angles 4.32842 5.34071 0.680678 5.48033 data 0.0792378 0.0707912 -0.0753368
location 0 0 5376 angles 5.14872 3.38594 0.174533 4.7473 data 0.0454468 0.0872754 -0.0322261
location 0 0 5376 angles 0.0349066 4.81711 1.69297 6.21337 data -0.128021 0.0794581 -0.0829883
location 0 0 5376 angles 1.39626 3.36849 4.10152 0.418879 data -0.0941661 0.0527282 0.00564039
location 0 0 5376 angles 1.39626 6.16101 3.19395 5.53269 data -0.0470999 -0.0293489 -0.0288857
location 0 0 5376 angles 6.21337 4.50295 2.79253 6.05629 data -0.180933 0.0708346 -0.0426695
location 0 0 5376 angles 2.40855 1.48353 3.57792 0.506145 data -0.00779196 0.047114 0.02703
location 0 0 5376 angles 6.05629 4.64258 2.6529 5.39307 data -0.146512 0.0441822 -0.0404367
location 0 0 5376 angles 4.88692 0.715585 4.20624 0.418879 data -0.0511913 0.0390238 -0.0466115
location 0 0 5376 angles 4.5204 2.40855 3.03687 4.60767 data -0.0299913 0.110488 0.0616796
location 0 0 5376 angles 3.03687 0.959931 1.85005 1.06465 data 0.0420226 0.0569395 0.00990113
location 0 0 5376 angles 5.51524 4.55531 4.53786 3.07178 data -0.0964731 -0.111288 0.0158326
location 0 0 5376 angles 4.86947 3.21141 5.98648 1.74533 data -0.0190405 0.0580308 -0.00856749
location 0 0 10752 angles 0 0 0 0 data 0.00805799 0.0114272 -0.122783
location 0 0 10752 angles 1.64061 0.802851 2.86234 3.12414 data -0.0324551 -0.151136 0.053483
location 0 0 10752 angles 2.80998 4.2237 2.94961 0.523599 data -0.0763721 0.086767 0.0296106
location 0 0 10752 angles 2.84489 4.7473 2.87979 2.47837 data -0.0615123 -0.0951611 0.0751687
location 0 0 10752 angles 4.11898 2.80998 5.77704 4.93928 data 0.131071 0.124224 0.00105236
location 0 0 10752 angles 5.61996 2.00713 4.69494 0.820305 data -0.0956759 0.0862664 -0.031416
location 0 0 10752 angles 4.39823 4.43314 3.64774 0.575959 data -0.127807 0.0847168 0.00018929
location 0 0 10752 angles 0.226893 0.575959 2.98451 3.68264 data -0.0975889 -0.126098 0.0155694
location 0 0 10752 angles 5.63741 1.3439 2.14675 4.53786 data -0.0368016 0.0416555 -0.00832724
location 0 0 10752 angles 1.64061 4.86947 0.401426 0 data 0.0486547 0.030167 -0.0711287
location 0 0 10752 angles 1.15192 4.24115 2.89725 3.26377 data -0.141772 -0.126602 0.0553737
location 0 0 10752 angles 0.139626 0.436332 1.20428 5.96903 data -0.0230637 0.0670614 -0.0966747
location 0 0 10752 angles 2.86234 6.16101 1.74533 2.16421 data 0.0479675 -0.0710863 0.0255077
location 0 0 10752 angles 5.70723 4.86947 1.27409 2.84489 data -0.0781511 -0.0814986 -0.019276
location 0 0 10752 angles 3.66519 1.36136 2.77507 3.42085 data 0.0435439 -0.0260067 0.0838661
location 0 0 10752 angles 1.15192 0.750492 0.418879 1.64061 data 0.0426207 -0.0686993 -0.0452454
location 0 0 10752 angles 0.907571 5.91667 4.64258 5.67232 data -0.0362423 -0.0744768 -0.0698097
location 0 0 10752 angles 3.05433 2.60054 6.19592 3.08923 data 0.163477 -0.00828545 0.0603765
location 0 0 10752 angles 1.36136 5.34071 3.42085 0.418879 data -0.129158 -0.0385799 -0.0280876
location 0 0 10752 angles 2.86234 5.20108 2.14675 0.0872665 data -0.00286462 0.0697318 -0.0117731
location 0 0 10752 angles 3.21141 1.25664 1.98968 4.69494 data 0.125346 0.069933 0.0322122
location 0 0 10752 angles 0.820305 0.645772 6.05629 5.06145 data 0.103696 -0.0402336 -0.0783606
location 0 0 10752 angles 0.261799 5.044 4.88692 5.51524 data -0.0758502 -0.0345777 -0.0752558
location 0 0 10752 angles 2.42601 0.261799 3.735 4.85202 data 0.0575526 -0.0688319 0.0180979
location 0 0 10752 angles 0.645772 4.60767 1.55334 3.47321 data -0.0737095 -0.105041 -0.00362024
location -5376 0 10752 angles 0 0 0 0 data 0.0187458 0.00933803 -0.126015
location -5376 0 10752 angles 1.55334 0.733038 0.296706 4.36332 data 0.17621 -0.0700386 -0.0495886
location -5376 0 10752 angles 4.7473 2.53073 4.85202 1.69297 data -0.0311336 0.0242507 0.0233086
location -5376 0 10752 angles 3.54302 0.244346 2.54818 6.24828 data -0.0402758 0.0755325 -0.00513626
location -5376 0 10752 angles 3.7001 0.541052 2.04204 3.94444 data 0.070567 -0.0250605 0.0318688
location -5376 0 10752 angles 6.24828 1.8675 3.64774 5.25344 data -0.101 0.067818 0.00704336
location -5376 0 10752 angles 3.24631 4.4855 5.55015 2.53073 data 0.090865 -0.108454 0.0185832
location -5376 0 10752 angles 3.97935 4.90438 6.02139 4.95674 data 0.12737 0.0299088 -0.0537106
location -5376 0 10752 angles 0.523599 0.331613 2.60054 0.383972 data -0.155174 0.0209959 -0.0339909
location -5376 0 10752 angles 5.96903 0 0.785398 0.907571 data -0.0355823 0.00549328 -0.0964544
location -5376 0 10752 angles 4.66003 2.25147 2.94961 0.349066 data -0.117891 0.183189 0.0256357
location -5376 0 10752 angles 3.26377 0.610865 2.1293 4.38078 data 0.0804003 0.00910536 0.0230804
location -5376 0 10752 angles 1.91986 3.28122 4.24115 4.76475 data 0.00231464 0.0151395 0.0392399
location -5376 0 10752 angles 1.74533 5.18363 2.93215 3.71755 data -0.0726543 -0.145752 0.0539653
location -5376 0 10752 angles 1.27409 1.88496 0.0174533 4.64258 data 0.152783 0.0173313 -0.0389426
location -5376 0 10752 angles 5.5676 4.36332 0.349066 2.80998 data 0.00494878 -0.0542589 -0.0201248
location -5376 0 10752 angles 4.45059 4.39823 0.575959 5.96903 data 0.0474793 0.15361 -0.0684335
location -5376 0 10752 angles 5.20108 1.15192 3.00197 3.87463 data -0.0645302 -0.0342584 0.0388602
location -5376 0 10752 angles 5.60251 2.72271 1.25664 0.244346 data -0.0501278 0.209838 -0.0450724
location -5376 0 10752 angles 6.00393 5.044 6.19592 5.16617 data 0.0246499 0.00912889 -0.0976607
location -5376 0 10752 angles 3.68264 5.14872 0.610865 2.26893 data 0.0880095 -0.0675352 -0.0112523
location -5376 0 10752 angles 3.36849 6.19592 3.1765 0.820305 data -0.0785952 0.00457739 0.0158199
location -5376 0 10752 angles 3.03687 1.53589 2.40855 3.26377 data 0.054492 -0.0307176 0.0859844
location -5376 0 10752 angles 0.610865 3.89208 4.7473 0.453786 data -0.119058 0.0351929 -0.0293459
location -5376 0 10752 angles 2.58309 2.35619 3.19395 1.22173 data -0.0708162 0.0721689 0.072771
location -5376 5376 10752 angles 0 0 0 0 data 0.0232316 0.000392512 -0.126139
location -5376 5376 10752 angles 3.78736 3.7001 0.331613 2.86234 data 0.106278 0.0261939 0.0238633
location -5376 5376 10752 angles 2.19911 6.21337 4.7822 3.87463 data 0.0995522 -0.19895 -0.0143115
location -5376 5376 10752 angles 0.994838 0.907571 5.65487 2.70526 data 0.0909296 -0.142776 -0.0402644
location -5376 5376 10752 angles 4.71239 2.02458 3.26377 6.26573 data -0.0915845 0.153634 0.0388991
location -5376 5376 10752 angles 5.00909 3.15905 5.55015 2.84489 data 0.0424057 0.0141801 0.0158579
location -5376 5376 10752 angles 2.28638 2.00713 0.558505 0.925025 data 0.118039 0.0969955 -0.0162228
location -5376 5376 10752 angles 0.767945 1.5708 6.02139 1.50098 data 0.0556251 -0.00116201 -0.0463843
location -5376 5376 10752 angles 5.25344 1.18682 5.02655 6.0912 data 0.0333244 0.0570328 -0.0577804
location -5376 5376 10752 angles 0.767945 3.28122 4.5204 1.20428 data -0.109005 0.0183999 0.0147546
location -5376 5376 10752 angles 5.95157 5.93412 3.24631 1.6057 data -0.201844 -0.112048 -0.0083985
location -5376 5376 10752 angles 2.72271 3.76991 1.23918 4.83456 data 0.0817406 0.121301 0.0162397
location -5376 5376 10752 angles 0.20944 1.71042 4.20624 5.00909 data -0.0397482 0.0214275 -0.00141723
location -5376 5376 10752 angles 2.0944 5.95157 4.90438 2.63545 data 0.0573305 -0.227956 -0.0143214
location -5376 5376 10752 angles 6.16101 6.03884 1.13446 5.00909 data -0.00322055 0.00536131 -0.0848716
location -5376 5376 10752 angles 4.97419 4.97419 3.76991 0.296706 data -0.162163 0.0180369 -0.0128987
location -5376 5376 10752 angles 4.97419 4.81711 3.40339 2.07694 data -0.182335 -0.0839537 0.0375925
location -5376 5376 10752 angles 5.88176 4.46804 3.61283 0.471239 data -0.22582 0.0357849 -0.00299988
location -5376 5376 10752 angles 2.79253 0.436332 1.53589 3.54302 data 0.109246 -0.0878506 0.01055
location -5376 5376 10752 angles 5.07891 1.72788 5.86431 3.03687 data 0.115427 -0.00350358 -0.010295
location -5376 5376 10752 angles 0.122173 2.68781 4.41568 1.0472 data -0.117952 0.0544663 0.0107578
location -5376 5376 10752 angles 0.575959 4.46804 5.77704 5.58505 data -0.0108363 0.033472 -0.0786813
location -5376 5376 10752 angles 0.261799 3.92699 3.52557 0.0872665 data -0.212486 0.0747802 0.0122174
location -5376 5376 10752 angles 0.10472 5.37561 1.85005 4.90438 data -0.101061 -0.00705049 -0.0465351
location -5376 5376 10752 angles 3.80482 0.767945 4.72984 0.226893 data 0.0758827 -0.00606367 -0.0354633
location 0 5376 10752 angles 0 0 0 0 data 0.0106525 0.0025279 -0.122514
location 0 5376 10752 angles 4.88692 5.91667 0.0349066 4.38078 data 0.102918 -0.0546796 -0.0644471
location 0 5376 10752 angles 1.8326 4.41568 3.07178 0.628319 data -0.136218 -0.00703074 0.0119769
location 0 5376 10752 angles 2.04204 1.6057 2.07694 1.15192 data -0.00694221 0.0511909 0.0244509
location 0 5376 10752 angles 1.23918 5.3058 1.15192 6.03884 data -0.0218692 -0.00210423 -0.0800938
location 0 5376 10752 angles 6.23083 3.01942 0.122173 5.67232 data -0.0028661 0.156382 -0.0486544
location 0 5376 10752 angles 0.698132 6.07375 2.37365 2.25147 data -0.132783 -0.134984 -0.017867
location 0 5376 10752 angles 1.44862 3.59538 0.139626 0.959931 data -0.0017256 0.067844 -0.0203082
location 0 5376 10752 angles 5.09636 3.63028 1.69297 1.0821 data -0.129575 0.166894 0.00683323
location 0 5376 10752 angles 3.54302 0.244346 0.349066 2.35619 data 0.149251 -0.0857039 -0.0150135
location 0 5376 10752 angles 0.593412 0.628319 5.18363 0.366519 data -0.00264149 -0.0316302 -0.0849871
location 0 5376 10752 angles 3.31613 0.488692 0.890118 5.044 data 0.188044 0.0305575 -0.0299659
location 0 5376 10752 angles 0.244346 1.64061 3.42085 1.13446 data -0.154064 0.0306866 0.000869711
location 0 5376 10752 angles 4.2586 4.72984 1.71042 3.14159 data -0.0216948 -0.0363427 0.0247572
location 0 5376 10752 angles 0.645772 3.61283 3.12414 4.66003 data -0.155281 0.0317059 0.0295443
location 0 5376 10752 angles 4.97419 4.7822 4.39823 1.74533 data -0.118224 -0.0599163 -0.0075035
location 0 5376 10752 angles 0.680678 6.07375 4.66003 4.85202 data -0.0209683 -0.135577 -0.0672958
location 0 5376 10752 angles 2.6529 1.27409 1.11701 3.08923 data 0.150783 -0.0494601 0.0350346
location 0 5376 10752 angles 2.23402 2.53073 0.645772 5.28835 data 0.142035 0.134569 0.00632608
location 0 5376 10752 angles 2.23402 2.18166 0.977384 1.67552 data 0.0750609 0.0666573 0.0280642
location 0 5376 10752 angles 1.37881 3.7001 1.55334 3.50811 data -0.0462684 -0.0146931 0.0393917
location 0 5376 10752 angles 2.93215 2.07694 3.33358 5.044 data 0.0578177 0.0773788 0.0704486
location 0 5376 10752 angles 3.71755 6.0912 5.8294 1.18682 data 0.114909 -0.0379279 -0.0490722
location 0 5376 10752 angles 4.15388 2.28638 2.33874 3.54302 data 0.0176328 0.0768047 0.0888747
location 0 5376 10752 angles 2.23402 4.10152 3.97935 3.03687 data -0.0398381 -0.138623 0.0681294
location 5376 5376 10752 angles 0 0 0 0 data -0.00166833 0.00557852 -0.12343
location 5376 5376 10752 angles 6.21337 0.366519 2.98451 1.09956 data -0.160681 -0.0247581 -0.0556745
location 5376 5376 10752 angles 1.39626 4.7822 1.3439 2.0944 data -0.0694284 -0.104638 -0.024998
location 5376 5376 10752 angles 1.0821 5.02655 5.14872 4.13643 data -0.0197667 -0.178208 -0.0435527
location 5376 5376 10752 angles 5.8294 1.98968 3.66519 0.541052 data -0.15069 0.127 -0.0156156
location 5376 5376 10752 angles 3.35103 5.35816 4.2237 2.60054 data 0.0338016 -0.154008 0.0398199
location 5376 5376 10752 angles 2.11185 0.645772 5.00909 0.767945 data 0.0987876 -0.0451093 -0.0251036
location 5376 5376 10752 angles 4.4855 2.16421 4.29351 0.750492 data -0.020535 0.15889 0.0276222
location 5376 5376 10752 angles 3.83972 3.63028 2.0944 3.76991 data 0.00436298 0.0489589 0.0818954
location 5376 5376 10752 angles 4.57276 5.63741 1.23918 5.00909 data 0.0623961 0.028763 -0.0400768
location 5376 5376 10752 angles 0.820305 0.191986 2.98451 3.07178 data -0.110898 -0.176775 -0.0110019
location 5376 5376 10752 angles 2.82743 3.78736 4.36332 5.91667 data 0.0385022 0.0539226 0.0338501
location 5376 5376 10752 angles 0.261799 5.11381 5.55015 3.4383 data -0.0575075 -0.164443 -0.0607822
location 5376 5376 10752 angles 5.14872 0.575959 3.4383 2.47837 data -0.100597 -0.0807041 -0.00165352
location 5376 5376 10752 angles 0.959931 0.855211 2.49582 5.00909 data -0.0393202 -0.0164877 -0.0237365
location 5376 5376 10752 angles 1.64061 1.78024 2.74017 0.0872665 data -0.0364351 0.0772623 0.0126496
location 5376 5376 10752 angles 6.07375 2.79253 2.9147 4.2586 data -0.144729 0.0578538 0.0296495
location 5376 5376 10752 angles 4.86947 0.855211 5.16617 5.28835 data 0.0941631 0.039161 -0.0430531
location 5376 5376 10752 angles 2.84489 1.36136 4.45059 0.628319 data 0.101836 0.0340094 0.0239313
location 5376 5376 10752 angles 3.66519 5.8294 5.28835 5.46288 data 0.155199 -0.0214173 -0.0309246
location 5376 5376 10752 angles 0.925025 1.62316 6.02139 0.610865 data 0.0194772 0.0678348 -0.0511803
location 5376 5376 10752 angles 5.3058 1.97222 0.698132 2.40855 data -0.023778 0.0792745 0.00296412
location 5376 5376 10752 angles 4.5204 3.03687 4.81711 4.2586 data 0.0235841 0.067638 0.0424978
location 5376 5376 10752 angles 1.13446 3.82227 3.31613 1.11701 data -0.191488 0.0103698 0.00652749
location 5376 5376 10752 angles 2.00713 5.28835 2.74017 4.17134 data 0.00120606 -0.152908 0.0201795
location 5376 0 10752 angles 0 0 0 0 data -0.00566085 0.0125501 -0.123999
location 5376 0 10752 angles 4.81711 5.00909 1.81514 2.26893 data -0.0927362 -0.0294504 -0.0037583
location 5376 0 10752 angles 5.70723 2.3911 6.14356 0.349066 data -0.0421918 0.161428 -0.0710655
location 5376 0 10752 angles 0.942478 1.51844 5.21853 0.488692 data -0.00361531 0.0342804 -0.0526041
location 5376 0 10752 angles 2.07694 4.95674 0.261799 0.15708 data 0.0917142 0.0159886 -0.0496193
location 5376 0 10752 angles 5.51524 4.76475 1.53589 5.06145 data -0.0646177 0.0507496 -0.0568996
location 5376 0 10752 angles 3.07178 5.32325 5.89921 2.23402 data 0.108548 -0.106888 0.0168404
location 5376 0 10752 angles 3.75246 2.86234 0.453786 4.83456 data 0.152523 0.143413 0.0273841
location 5376 0 10752 angles 0.226893 3.22886 5.16617 4.99164 data -0.0518316 0.028559 -0.0357241
location 5376 0 10752 angles 3.45575 1.43117 0.261799 0.0872665 data 0.182017 0.159762 -0.0103557
location 5376 0 10752 angles 4.60767 0.767945 5.96903 0.523599 data 0.0800493 0.110694 -0.0627468
location 5376 0 10752 angles 5.77704 0.122173 3.12414 4.60767 data -0.0943593 -0.0669274 -0.0330185
location 5376 0 10752 angles 4.08407 0.0872665 4.13643 2.6529 data -0.00104238 -0.11889 0.0389999
location 5376 0 10752 angles 0.733038 6.16101 0.174533 3.94444 data 0.0511745 -0.166691 -0.0499641
location 5376 0 10752 angles 0.942478 1.71042 1.20428 2.6529 data -0.0210275 -0.0570312 0.00789656
location 5376 0 10752 angles 4.15388 4.18879 3.14159 0.314159 data -0.0809663 0.133243 0.00549707
location 5376 0 10752 angles 2.70526 1.32645 0.174533 2.94961 data 0.17913 -0.0760312 0.0511847
location 5376 0 10752 angles 1.22173 4.13643 3.14159 0.0698132 data -0.137272 0.0415268 -0.0176289
location 5376 0 10752 angles 2.14675 2.07694 0.942478 1.93732 data 0.0711206 0.0246237 0.0357808
location 5376 0 10752 angles 4.20624 2.21657 1.09956 5.5676 data 0.100816 0.225611 -0.00112926
location 5376 0 10752 angles 4.59022 3.49066 5.58505 2.33874 data -0.028679 0.00888107 0.0187089
location 5376 0 10752 angles 5.81195 1.22173 2.82743 1.5708 data -0.170633 0.0202957 -0.0213449
location 5376 0 10752 angles 4.67748 4.17134 0.575959 1.09956 data -0.0317303 0.118337 -0.0375725
location 5376 0 10752 angles 5.65487 3.47321 4.15388 4.67748 data -0.114154 0.0220161 -0.00505382
location 5376 0 10752 angles 1.98968 2.75762 5.37561 3.14159 data 0.0685667 -0.0884025 0.0640024
location 5376 -5376 10752 angles 0 0 0 0 data -0.00578624 0.0215692 -0.128547
location 5376 -5376 10752 angles 0.488692 1.3439 1.43117 1.27409 data -0.0812838 0.0352281 -0.048852
location 5376 -5376 10752 angles 6.10865 2.89725 2.63545 4.15388 data -0.115548 0.00268093 0.0234967
location 5376 -5376 10752 angles 2.02458 3.03687 0.820305 0.959931 data 0.0453762 0.109026 -0.00814295
location 5376 -5376 10752 angles 0.471239 3.735 0.418879 3.64774 data -0.0234097 -0.107149 0.000232897
location 5376 -5376 10752 angles 4.57276 3.80482 3.64774 5.84685 data -0.0859512 0.15398 -0.0199347
location 5376 -5376 10752 angles 2.19911 2.49582 5.81195 2.11185 data 0.072421 -0.0291986 0.0466062
location 5376 -5376 10752 angles 1.11701 1.6057 6.16101 5.5676 data 0.0992486 0.0601134 -0.0606265
location 5376 -5376 10752 angles 2.04204 3.00197 2.25147 2.32129 data -0.0418876 -0.00671332 0.0797781
location 5376 -5376 10752 angles 0.610865 5.39307 4.34587 1.91986 data -0.16083 -0.168603 -0.019563
location 5376 -5376 10752 angles 2.26893 3.80482 5.84685 0.296706 data 0.085935 0.099059 -0.0237023
location 5376 -5376 10752 angles 5.58505 2.89725 3.85718 5.86431 data -0.138631 0.140359 -0.0436223
location 5376 -5376 10752 angles 0.191986 5.79449 0.698132 5.3058 data 0.0226698 -0.0136396 -0.103863
location 5376 -5376 10752 angles 2.00713 4.5204 0.698132 3.7001 data 0.115407 -0.134771 0.0434598
location 5376 -5376 10752 angles 4.46804 4.5204 2.47837 5.75959 data -0.0550342 0.14919 -0.0318529
location 5376 -5376 10752 angles 2.79253 6.23083 6.00393 5.53269 data 0.207025 0.0345993 -0.0358079
location 5376 -5376 10752 angles 1.27409 1.0821 5.74213 3.92699 data 0.108521 -0.152775 0.014412
location 5376 -5376 10752 angles 0.925025 0.0523599 4.43314 5.79449 data -0.0220719 -0.0374402 -0.0652613
location 5376 -5376 10752 angles 4.5204 5.63741 0.349066 3.21141 data 0.0596877 -0.110605 0.00431921
location 5376 -5376 10752 angles 0.506145 2.14675 5.20108 3.42085 data -0.0253062 -0.127606 0.0234001
location 5376 -5376 10752 angles 2.32129 4.67748 4.7822 1.13446 data 0.00139858 -0.0110692 0.00165577
location 5376 -5376 10752 angles 5.81195 4.88692 0.436332 5.68977 data -0.0209977 0.0553567 -0.112385
location 5376 -5376 10752 angles 5.44543 2.23402 1.13446 3.87463 data -0.0060306 0.00421949 0.00737098
location 5376 -5376 10752 angles 5.044 5.37561 1.58825 2.58309 data -0.0798519 -0.0791634 -0.00510104
location 5376 -5376 10752 angles 3.92699 5.06145 2.61799 4.38078 data 0.0220919 -0.00122306 0.0366268
location 0 -5376 10752 angles 0 0 0 0 data 0.00256739 0.0224123 -0.127158
location 0 -5376 10752 angles 3.97935 4.27606 2.98451 5.63741 data -0.0627952 0.149478 -0.000241506
location 0 -5376 10752 angles 2.49582 1.55334 1.69297 1.91986 data 0.050184 0.0133256 0.03957
location 0 -5376 10752 angles 0.261799 1.0472 5.00909 3.00197 data -0.0148404 -0.18731 0.0141291
location 0 -5376 10752 angles 5.77704 2.28638 1.81514 4.57276 data -0.0152081 0.0827639 -0.00914852
location 0 -5376 10752 angles 5.58505 5.77704 3.735 2.86234 data -0.15074 -0.175845 0.0326529
location 0 -5376 10752 angles 0.226893 5.44543 2.89725 5.44543 data -0.132121 0.0163012 -0.0534318
location 0 -5376 10752 angles 0.0872665 2.89725 2.32129 5.72468 data -0.120761 0.173967 -0.0374034
location 0 -5376 10752 angles 6.26573 5.28835 3.10669 2.94961 data -0.170086 -0.174625 0.0349795
location 0 -5376 10752 angles 3.05433 2.93215 0.750492 1.76278 data 0.083443 0.0752095 0.0292944
location 0 -5376 10752 angles 4.15388 4.4855 0.401426 0.593412 data 0.0288297 0.129551 -0.0614552
location 0 -5376 10752 angles 4.31096 1.65806 5.37561 4.2586 data 0.131465 0.0070743 0.0116093
location 0 -5376 10752 angles 6.14356 0.820305 5.18363 0.418879 data -0.0498494 0.0192139 -0.0916829
location 0 -5376 10752 angles 5.21853 1.16937 4.39823 0.698132 data -0.109768 0.0717531 -0.0466337
location 0 -5376 10752 angles 4.2586 1.88496 4.72984 4.46804 data 0.0809614 0.0377385 0.0254766
location 0 -5376 10752 angles 4.7473 0.366519 3.735 0.942478 data -0.129985 0.0421523 -0.0267608
location 0 -5376 10752 angles 4.24115 2.3911 1.81514 1.72788 data -0.0319684 0.12314 0.030343
location 0 -5376 10752 angles 1.91986 4.43314 0.575959 0.122173 data 0.0644245 0.0893503 -0.0610111
location 0 -5376 10752 angles 5.96903 0.680678 2.63545 4.5204 data -0.0620218 -0.024332 -0.0083669
location 0 -5376 10752 angles 3.21141 6.16101 6.00393 0.872665 data 0.107036 0.0159234 -0.0500816
location 0 -5376 10752 angles 4.03171 5.35816 0.680678 6.17847 data 0.0727952 0.122628 -0.0802167
location 0 -5376 10752 angles 5.25344 5.46288 5.79449 3.08923 data 0.00905105 -0.165877 -0.0125681
location 0 -5376 10752 angles 4.5204 4.04916 5.60251 6.10865 data 0.0123709 0.138012 -0.0634754
location 0 -5376 10752 angles 1.01229 3.24631 5.11381 0.750492 data -0.063274 0.04858 -0.0360634
location 0 -5376 10752 angles 0.139626 0.453786 3.19395 1.48353 data -0.189158 -0.0558369 -0.0123313
location -5376 -5376 10752 angles 0 0 0 0 data 0.0116159 0.0181361 -0.129838
location -5376 -5376 10752 angles 0.331613 4.60767 6.10865 3.94444 data 0.0537255 -0.111885 -0.0309928
location -5376 -5376 10752 angles 3.57792 5.25344 1.88496 3.64774 data 0.0590474 -0.0477 0.0429173
location -5376 -5376 10752 angles 5.68977 4.83456 5.20108 3.00197 data -0.0355902 -0.174368 0.00927846
location -5376 -5376 10752 angles 4.57276 5.81195 4.95674 1.51844 data -0.057891 -0.0901708 -0.0162348
location -5376 -5376 10752 angles 4.2237 1.18682 2.14675 3.24631 data 0.0315843 -0.0283298 0.057437
location -5376 -5376 10752 angles 3.14159 5.63741 4.2237 0.593412 data -0.0599227 0.0101461 -0.00797395
location -5376 -5376 10752 angles 4.11898 2.47837 4.13643 4.55531 data 0.0178651 0.0752372 0.0452407
location -5376 -5376 10752 angles 4.50295 4.55531 2.04204 0.541052 data -0.116403 0.156955 -0.030919
location -5376 -5376 10752 angles 3.85718 0.994838 0.331613 5.55015 data 0.175234 0.112852 -0.0818613
location -5376 -5376 10752 angles 4.79966 1.67552 1.98968 5.18363 data 0.00667871 0.167212 -0.0259507
location -5376 -5376 10752 angles 2.80998 4.69494 5.02655 3.735 data 0.106364 -0.130762 0.0415202
location -5376 -5376 10752 angles 4.2586 4.69494 2.51327 3.38594 data -0.05927 -0.0416226 0.0705224
location -5376 -5376 10752 angles 4.31096 2.89725 0.366519 5.86431 data 0.0951807 0.204192 -0.0682188
location -5376 -5376 10752 angles 5.65487 2.84489 0.890118 2.00713 data -0.0223416 0.0202794 -0.00723149
location -5376 -5376 10752 angles 4.27606 5.61996 1.06465 3.12414 data 0.0812668 -0.0877287 0.00488362
location -5376 -5376 10752 angles 2.21657 6.07375 1.0821 5.11381 data 0.145728 0.0411758 -0.0616783
location -5376 -5376 10752 angles 3.36849 3.42085 5.35816 4.97419 data 0.121257 0.0871165 -0.010631
location -5376 -5376 10752 angles 4.43314 4.93928 5.18363 4.67748 data 0.0540033 -0.0214425 -0.0243732
location -5376 -5376 10752 angles 3.05433 3.85718 5.79449 2.93215 data 0.128883 -0.0931587 0.0450406
location -5376 -5376 10752 angles 1.13446 4.99164 4.90438 2.33874 data -0.0594607 -0.209345 0.0246866
location -5376 -5376 10752 angles 2.47837 2.46091 0.366519 4.04916 data 0.224048 -0.0014582 0.01638
location -5376 -5376 10752 angles 1.29154 3.47321 1.53589 5.21853 data 0.0208458 0.146491 -0.0325089
location -5376 -5376 10752 angles 2.63545 1.18682 2.86234 2.75762 data -0.000648113 -0.0916139 0.0974465
location -5376 -5376 10752 angles 0.523599 1.01229 2.26893 1.22173 data -0.128346 0.0154057 -0.0104847
