location 0 0 0 angles 0 0 0 0 data -0.00717341 0.00365228 -0.148517
location 0 0 0 angles 0.0872665 0.0872665 0.0872665 0.0872665 data -0.00470283 0.0033709 -0.148617
location 0 0 0 angles 0.174533 0.174533 0.174533 0.174533 data -0.0051848 0.00342487 -0.146461
location 0 0 0 angles 0.261799 0.261799 0.261799 0.261799 data -0.00539345 0.00322099 -0.143291
location 0 0 0 angles 0.349066 0.349066 0.349066 0.349066 data -0.00561724 0.00329356 -0.138468
location 0 0 0 angles 0.436332 0.436332 0.436332 0.436332 data -0.00576419 0.00322543 -0.13241
location 0 0 0 angles 0.523599 0.523599 0.523599 0.523599 data -0.00596297 0.00317755 -0.125614
location 0 0 0 angles 0.610865 0.610865 0.610865 0.610865 data -0.00606992 0.00284384 -0.117234
location 0 0 0 angles 0.698132 0.698132 0.698132 0.698132 data -0.00629553 0.00281586 -0.108395
location 0 0 0 angles 0.785398 0.785398 0.785398 0.785398 data -0.00498207 0.00283117 -0.100333
location 0 0 0 angles 0.872665 0.872665 0.872665 0.872665 data 0.0355414 0.00146868 -0.0900939
location 0 0 0 angles 0.959931 0.959931 0.959931 0.959931 data -0.00645711 0.00233422 -0.0782574
location 0 0 0 angles 1.0472 1.0472 1.0472 1.0472 data -0.00625175 0.00240564 -0.0672407
location 0 0 0 angles 1.13446 1.13446 1.13446 1.13446 data -0.0063625 0.00226231 -0.0557438
location 0 0 0 angles 1.22173 1.22173 1.22173 1.22173 data -0.00629009 0.00224701 -0.0444082
location 0 0 0 angles 1.309 1.309 1.309 1.309 data -0.00640791 0.00219123 -0.0331346
location 0 0 0 angles 1.39626 1.39626 1.39626 1.39626 data -0.00674919 0.00233735 -0.0211201
location 0 0 0 angles 1.48353 1.48353 1.48353 1.48353 data -0.00631198 0.00152759 -0.00848686
location 0 0 0 angles 1.5708 1.5708 1.5708 1.5708 data -0.00582145 0.00016 -0.000451803
location -18000 0 0 angles 0 0 0 0 data 0.00913662 0.00743368 -0.180695
location -18000 0 0 angles 0.0872665 0.0872665 0.0872665 0.0872665 data 0.0103538 0.00692439 -0.181204
location -18000 0 0 angles 0.174533 0.174533 0.174533 0.174533 data 0.0096158 0.00887087 -0.178577
location -18000 0 0 angles 0.261799 0.261799 0.261799 0.261799 data 0.00883253 0.0100244 -0.17451
location -18000 0 0 angles 0.349066 0.349066 0.349066 0.349066 data 0.00798196 0.0114594 -0.16861
location -18000 0 0 angles 0.436332 0.436332 0.436332 0.436332 data 0.0070432 0.0130299 -0.161049
location -18000 0 0 angles 0.523599 0.523599 0.523599 0.523599 data 0.00560468 0.0142772 -0.152341
location -18000 0 0 angles 0.610865 0.610865 0.610865 0.610865 data 0.00446006 0.0152706 -0.142399
location -18000 0 0 angles 0.698132 0.698132 0.698132 0.698132 data 0.00421324 0.0163002 -0.133823
location -18000 0 0 angles 0.785398 0.785398 0.785398 0.785398 data 0.00205119 0.0171429 -0.120204
location -18000 0 0 angles 0.872665 0.872665 0.872665 0.872665 data -0.00012237 0.0177149 -0.109016
location -18000 0 0 angles 0.959931 0.959931 0.959931 0.959931 data -0.00140176 0.0184022 -0.0940433
location -18000 0 0 angles 1.0472 1.0472 1.0472 1.0472 data -0.00264429 0.0186517 -0.0803624
location -18000 0 0 angles 1.13446 1.13446 1.13446 1.13446 data -0.003847 0.0187738 -0.0665395
location -18000 0 0 angles 1.22173 1.22173 1.22173 1.22173 data -0.00534162 0.0189612 -0.0523848
location -18000 0 0 angles 1.309 1.309 1.309 1.309 data -0.0065022 0.0189049 -0.0385008
location -18000 0 0 angles 1.39626 1.39626 1.39626 1.39626 data -0.00849525 0.018768 -0.0238596
location -18000 0 0 angles 1.48353 1.48353 1.48353 1.48353 data -0.00917501 0.0179479 -0.00865174
location -18000 0 0 angles 1.5708 1.5708 1.5708 1.5708 data -0.0106798 0.016489 0.00171584
location -18000 18000 0 angles 0 0 0 0 data -0.0330345 0.0355894 -0.175069
location -18000 18000 0 angles 0.0872665 0.0872665 0.0872665 0.0872665 data -0.0334921 0.0293115 -0.17732
location -18000 18000 0 angles 0.174533 0.174533 0.174533 0.174533 data -0.0362541 0.0278611 -0.174089
location -18000 18000 0 angles 0.261799 0.261799 0.261799 0.261799 data -0.0384993 0.0257828 -0.169511
location -18000 18000 0 angles 0.349066 0.349066 0.349066 0.349066 data -0.040527 0.0233513 -0.16329
location -18000 18000 0 angles 0.436332 0.436332 0.436332 0.436332 data -0.0421995 0.0207206 -0.155389
location -18000 18000 0 angles 0.523599 0.523599 0.523599 0.523599 data -0.0438948 0.0179255 -0.146403
location -18000 18000 0 angles 0.610865 0.610865 0.610865 0.610865 data -0.0449171 0.0147715 -0.136274
location -18000 18000 0 angles 0.698132 0.698132 0.698132 0.698132 data -0.0449369 0.0122852 -0.127866
location -18000 18000 0 angles 0.785398 0.785398 0.785398 0.785398 data -0.0452452 0.00825578 -0.114418
location -18000 18000 0 angles 0.872665 0.872665 0.872665 0.872665 data -0.0457614 0.00523609 -0.102265
location -18000 18000 0 angles 0.959931 0.959931 0.959931 0.959931 data -0.0447057 0.00187364 -0.0887658
location -18000 18000 0 angles 1.0472 1.0472 1.0472 1.0472 data -0.043462 -0.00104435 -0.0755988
location -18000 18000 0 angles 1.13446 1.13446 1.13446 1.13446 data -0.0422861 -0.00413019 -0.0621954
location -18000 18000 0 angles 1.22173 1.22173 1.22173 1.22173 data -0.0406016 -0.00666182 -0.0482848
location -18000 18000 0 angles 1.309 1.309 1.309 1.309 data -0.039204 -0.00908336 -0.0348888
location -18000 18000 0 angles 1.39626 1.39626 1.39626 1.39626 data -0.0378783 -0.0118738 -0.0203142
location -18000 18000 0 angles 1.48353 1.48353 1.48353 1.48353 data -0.0357072 -0.0148251 -0.00560062
location -18000 18000 0 angles 1.5708 1.5708 1.5708 1.5708 data -0.0352387 -0.018684 0.00338423
location 0 18000 0 angles 0 0 0 0 data -0.019212 -0.00686142 -0.172346
location 0 18000 0 angles 0.0872665 0.0872665 0.0872665 0.0872665 data -0.0124328 -0.00785185 -0.173273
location 0 18000 0 angles 0.174533 0.174533 0.174533 0.174533 data -0.0119679 -0.00787275 -0.170847
location 0 18000 0 angles 0.261799 0.261799 0.261799 0.261799 data -0.0110265 -0.00809885 -0.167282
location 0 18000 0 angles 0.349066 0.349066 0.349066 0.349066 data -0.0101867 -0.00808749 -0.161948
location 0 18000 0 angles 0.436332 0.436332 0.436332 0.436332 data -0.00932229 -0.00801706 -0.155262
location 0 18000 0 angles 0.523599 0.523599 0.523599 0.523599 data -0.00845757 -0.0081775 -0.147445
location 0 18000 0 angles 0.610865 0.610865 0.610865 0.610865 data -0.00725042 -0.00813604 -0.138079
location 0 18000 0 angles 0.698132 0.698132 0.698132 0.698132 data -0.00551489 -0.00776958 -0.129839
location 0 18000 0 angles 0.785398 0.785398 0.785398 0.785398 data -0.00468275 -0.00755862 -0.117315
location 0 18000 0 angles 0.872665 0.872665 0.872665 0.872665 data -0.00437916 -0.00758939 -0.108061
location 0 18000 0 angles 0.959931 0.959931 0.959931 0.959931 data -0.00276227 -0.00646287 -0.0934271
location 0 18000 0 angles 1.0472 1.0472 1.0472 1.0472 data -0.00146923 -0.00563633 -0.0800884
location 0 18000 0 angles 1.13446 1.13446 1.13446 1.13446 data -0.000574558 -0.0050785 -0.0667893
location 0 18000 0 angles 1.22173 1.22173 1.22173 1.22173 data 0.000351538 -0.00424307 -0.0533823
location 0 18000 0 angles 1.309 1.309 1.309 1.309 data 0.0012778 -0.00353764 -0.0403673
location 0 18000 0 angles 1.39626 1.39626 1.39626 1.39626 data 0.00145469 -0.00282464 -0.0263907
location 0 18000 0 angles 1.48353 1.48353 1.48353 1.48353 data 0.00274675 -0.00273858 -0.0121797
location 0 18000 0 angles 1.5708 1.5708 1.5708 1.5708 data 0.0035027 -0.00465939 -0.00392483
location 18000 18000 0 angles 0 0 0 0 data 0.00625006 0.00841654 -0.174898
location 18000 18000 0 angles 0.0872665 0.0872665 0.0872665 0.0872665 data 0.00997913 0.0137798 -0.172122
location 18000 18000 0 angles 0.174533 0.174533 0.174533 0.174533 data 0.00887877 0.0154977 -0.169413
location 18000 18000 0 angles 0.261799 0.261799 0.261799 0.261799 data 0.00773958 0.0167004 -0.16527
location 18000 18000 0 angles 0.349066 0.349066 0.349066 0.349066 data 0.00643896 0.0181838 -0.159438
location 18000 18000 0 angles 0.436332 0.436332 0.436332 0.436332 data 0.00507549 0.0192702 -0.152086
location 18000 18000 0 angles 0.523599 0.523599 0.523599 0.523599 data 0.0036768 0.0202001 -0.143726
location 18000 18000 0 angles 0.610865 0.610865 0.610865 0.610865 data 0.00206896 0.0206814 -0.134124
location 18000 18000 0 angles 0.698132 0.698132 0.698132 0.698132 data 0.00106915 0.0211955 -0.126205
location 18000 18000 0 angles 0.785398 0.785398 0.785398 0.785398 data -0.000818259 0.0219932 -0.1125
location 18000 18000 0 angles 0.872665 0.872665 0.872665 0.872665 data 0.0341523 0.0208023 -0.102568
location 18000 18000 0 angles 0.959931 0.959931 0.959931 0.959931 data -0.00444185 0.0219088 -0.0882014
location 18000 18000 0 angles 1.0472 1.0472 1.0472 1.0472 data -0.00597679 0.0220862 -0.0748285
location 18000 18000 0 angles 1.13446 1.13446 1.13446 1.13446 data -0.00754908 0.021996 -0.061615
location 18000 18000 0 angles 1.22173 1.22173 1.22173 1.22173 data -0.00916761 0.021596 -0.0480194
location 18000 18000 0 angles 1.309 1.309 1.309 1.309 data -0.0103435 0.0212139 -0.0349812
location 18000 18000 0 angles 1.39626 1.39626 1.39626 1.39626 data -0.0116681 0.0205387 -0.0211206
location 18000 18000 0 angles 1.48353 1.48353 1.48353 1.48353 data -0.0125393 0.0192276 -0.00652162
location 18000 18000 0 angles 1.5708 1.5708 1.5708 1.5708 data -0.0113583 0.0161895 0.00253596
location 18000 0 0 angles 0 0 0 0 data -0.0179091 0.00315813 -0.160845
location 18000 0 0 angles 0.0872665 0.0872665 0.0872665 0.0872665 data -0.0163904 0.00448524 -0.160179
location 18000 0 0 angles 0.174533 0.174533 0.174533 0.174533 data -0.0171028 0.00419876 -0.158363
location 18000 0 0 angles 0.261799 0.261799 0.261799 0.261799 data -0.0171204 0.00329685 -0.154851
location 18000 0 0 angles 0.349066 0.349066 0.349066 0.349066 data -0.0172201 0.00266382 -0.149998
location 18000 0 0 angles 0.436332 0.436332 0.436332 0.436332 data -0.0171821 0.00212919 -0.143775
location 18000 0 0 angles 0.523599 0.523599 0.523599 0.523599 data -0.0170982 0.00122745 -0.136362
location 18000 0 0 angles 0.610865 0.610865 0.610865 0.610865 data -0.0167954 0.00249071 -0.100288
location 18000 0 0 angles 0.698132 0.698132 0.698132 0.698132 data 0.0109837 -0.000351262 -0.12025
location 18000 0 0 angles 0.785398 0.785398 0.785398 0.785398 data -0.016104 -0.000874207 -0.108279
location 18000 0 0 angles 0.872665 0.872665 0.872665 0.872665 data -0.0143763 -0.00118685 -0.0982203
location 18000 0 0 angles 0.959931 0.959931 0.959931 0.959931 data -0.015348 -0.00213303 -0.0871294
location 18000 0 0 angles 1.0472 1.0472 1.0472 1.0472 data -0.0141616 -0.00215277 -0.0743424
location 18000 0 0 angles 1.13446 1.13446 1.13446 1.13446 data -0.0135017 -0.00266716 -0.06194
location 18000 0 0 angles 1.22173 1.22173 1.22173 1.22173 data -0.0127617 -0.00279913 -0.0495097
location 18000 0 0 angles 1.309 1.309 1.309 1.309 data -0.0116583 -0.00322055 -0.0373494
location 18000 0 0 angles 1.39626 1.39626 1.39626 1.39626 data -0.0110165 -0.00305024 -0.0247936
location 18000 0 0 angles 1.48353 1.48353 1.48353 1.48353 data -0.00969187 -0.00386444 -0.0109007
location 18000 0 0 angles 1.5708 1.5708 1.5708 1.5708 data -0.00743422 -0.00549004 -0.00126699
location 18000 -18000 0 angles 0 0 0 0 data -0.000451145 -0.0029724 -0.168691
location 18000 -18000 0 angles 0.0872665 0.0872665 0.0872665 0.0872665 data -0.000117927 -3.39952e-06 -0.168888
location 18000 -18000 0 angles 0.174533 0.174533 0.174533 0.174533 data -0.000318022 0.0012179 -0.166866
location 18000 -18000 0 angles 0.261799 0.261799 0.261799 0.261799 data 0.000160494 0.00198422 -0.163041
location 18000 -18000 0 angles 0.349066 0.349066 0.349066 0.349066 data 0.000408802 0.0029118 -0.157795
location 18000 -18000 0 angles 0.436332 0.436332 0.436332 0.436332 data 0.000467218 0.00376236 -0.150898
location 18000 -18000 0 angles 0.523599 0.523599 0.523599 0.523599 data 0.000597872 0.00485153 -0.143054
location 18000 -18000 0 angles 0.610865 0.610865 0.610865 0.610865 data 0.000912659 0.00583917 -0.133882
location 18000 -18000 0 angles 0.698132 0.698132 0.698132 0.698132 data 0.0165018 0.00642251 -0.125911
location 18000 -18000 0 angles 0.785398 0.785398 0.785398 0.785398 data 0.000919242 0.00764167 -0.113374
location 18000 -18000 0 angles 0.872665 0.872665 0.872665 0.872665 data 0.0556285 0.00871701 -0.103353
location 18000 -18000 0 angles 0.959931 0.959931 0.959931 0.959931 data 0.000510824 0.00959243 -0.0899848
location 18000 -18000 0 angles 1.0472 1.0472 1.0472 1.0472 data 0.000471826 0.0103466 -0.0772668
location 18000 -18000 0 angles 1.13446 1.13446 1.13446 1.13446 data 0.000111293 0.0107807 -0.0644874
location 18000 -18000 0 angles 1.22173 1.22173 1.22173 1.22173 data -0.000241177 0.011414 -0.0515021
location 18000 -18000 0 angles 1.309 1.309 1.309 1.309 data -0.000325756 0.0119559 -0.0387433
location 18000 -18000 0 angles 1.39626 1.39626 1.39626 1.39626 data -0.000729072 0.0128293 -0.0256466
location 18000 -18000 0 angles 1.48353 1.48353 1.48353 1.48353 data -0.000637088 0.0125994 -0.0107901
location 18000 -18000 0 angles 1.5708 1.5708 1.5708 1.5708 data 0.000347754 0.0127948 -0.000165318
location 0 -18000 0 angles 0 0 0 0 data -0.013262 0.0132131 -0.164283
location 0 -18000 0 angles 0.0872665 0.0872665 0.0872665 0.0872665 data -0.0135323 0.01195 -0.16346
location 0 -18000 0 angles 0.174533 0.174533 0.174533 0.174533 data -0.0140729 0.0110653 -0.161176
location 0 -18000 0 angles 0.261799 0.261799 0.261799 0.261799 data -0.0142039 0.00983992 -0.157267
location 0 -18000 0 angles 0.349066 0.349066 0.349066 0.349066 data -0.0144691 0.00891415 -0.151868
location 0 -18000 0 angles 0.436332 0.436332 0.436332 0.436332 data -0.0146291 0.00776541 -0.144907
location 0 -18000 0 angles 0.523599 0.523599 0.523599 0.523599 data -0.0144005 0.00652091 -0.137174
location 0 -18000 0 angles 0.610865 0.610865 0.610865 0.610865 data -0.0142468 0.00946178 -0.079222
location 0 -18000 0 angles 0.698132 0.698132 0.698132 0.698132 data 0.00596983 0.00445677 -0.119729
location 0 -18000 0 angles 0.785398 0.785398 0.785398 0.785398 data -0.0136776 0.00282672 -0.107549
location 0 -18000 0 angles 0.872665 0.872665 0.872665 0.872665 data -0.0122924 0.00279628 -0.0979868
location 0 -18000 0 angles 0.959931 0.959931 0.959931 0.959931 data -0.0132954 0.000927963 -0.0851977
location 0 -18000 0 angles 1.0472 1.0472 1.0472 1.0472 data -0.0122673 -0.000201026 -0.072182
location 0 -18000 0 angles 1.13446 1.13446 1.13446 1.13446 data -0.0116392 -0.00116694 -0.0594761
location 0 -18000 0 angles 1.22173 1.22173 1.22173 1.22173 data -0.0110437 -0.00194922 -0.0469118
location 0 -18000 0 angles 1.309 1.309 1.309 1.309 data -0.0104779 -0.00284488 -0.0347205
location 0 -18000 0 angles 1.39626 1.39626 1.39626 1.39626 data -0.0102291 -0.00298327 -0.0219118
location 0 -18000 0 angles 1.48353 1.48353 1.48353 1.48353 data -0.00930452 -0.00494752 -0.00744459
location 0 -18000 0 angles 1.5708 1.5708 1.5708 1.5708 data -0.00826208 -0.00608013 0.00233455
location -18000 -18000 0 angles 0 0 0 0 data -0.0168746 -0.0240724 -0.176714
location -18000 -18000 0 angles 0.0872665 0.0872665 0.0872665 0.0872665 data -0.0124799 -0.0276728 -0.176868
location -18000 -18000 0 angles 0.174533 0.174533 0.174533 0.174533 data -0.00954312 -0.0282732 -0.175042
location -18000 -18000 0 angles 0.261799 0.261799 0.261799 0.261799 data -0.00660389 -0.0291944 -0.17153
location -18000 -18000 0 angles 0.349066 0.349066 0.349066 0.349066 data -0.00349157 -0.0295105 -0.166393
location -18000 -18000 0 angles 0.436332 0.436332 0.436332 0.436332 data -0.000528319 -0.0297229 -0.160013
location -18000 -18000 0 angles 0.523599 0.523599 0.523599 0.523599 data 0.00247343 -0.0293999 -0.152235
location -18000 -18000 0 angles 0.610865 0.610865 0.610865 0.610865 data 0.00562525 -0.0287942 -0.119487
location -18000 -18000 0 angles 0.698132 0.698132 0.698132 0.698132 data 0.0161174 -0.0276594 -0.13474
location -18000 -18000 0 angles 0.785398 0.785398 0.785398 0.785398 data 0.0109615 -0.0267453 -0.122721
location -18000 -18000 0 angles 0.872665 0.872665 0.872665 0.872665 data 0.0134173 -0.0246509 -0.113307
location -18000 -18000 0 angles 0.959931 0.959931 0.959931 0.959931 data 0.0148538 -0.0231132 -0.100504
location -18000 -18000 0 angles 1.0472 1.0472 1.0472 1.0472 data 0.0175241 -0.0215778 -0.0866713
location -18000 -18000 0 angles 1.13446 1.13446 1.13446 1.13446 data 0.0193485 -0.0197417 -0.0731056
location -18000 -18000 0 angles 1.22173 1.22173 1.22173 1.22173 data 0.0206689 -0.0176621 -0.0598271
location -18000 -18000 0 angles 1.309 1.309 1.309 1.309 data 0.0220051 -0.015675 -0.0465177
location -18000 -18000 0 angles 1.39626 1.39626 1.39626 1.39626 data 0.0223139 -0.01265 -0.0323222
location -18000 -18000 0 angles 1.48353 1.48353 1.48353 1.48353 data 0.024108 -0.0113487 -0.0170766
location -18000 -18000 0 angles 1.5708 1.5708 1.5708 1.5708 data 0.0243254 -0.0101044 -0.00661146
