location 0 0 0 angles 0 0 0 0 data -0.00898545 -5.55624e-05 -0.148743
location 0 0 0 angles 0.785398 0 0 0 data 0.0109539 -0.025162 -0.140916
location 0 0 0 angles 1.5708 0 0 0 data 0.0520291 -0.0321051 -0.117821
location 0 0 0 angles 0 0.785398 0 0 data 0.0238531 0.0210604 -0.137298
location 0 0 0 angles 0.785398 0.785398 0 0 data 0.0401372 -0.00237245 -0.128703
location 0 0 0 angles 1.5708 0.785398 0 0 data 0.0809493 -0.00991434 -0.105736
location 0 0 0 angles 0 1.5708 0 0 data 0.0344371 0.0677823 -0.106005
location 0 0 0 angles 0.785398 1.5708 0 0 data 0.050849 0.0449837 -0.0972069
location 0 0 0 angles 1.5708 1.5708 0 0 data 0.0908671 0.0373651 -0.0750756
location 0 0 0 angles 0 0 0.785398 0 data -0.0300719 0.0271108 -0.134619
location 0 0 0 angles 0.785398 0 0.785398 0 data -0.0136303 0.00305792 -0.126159
location 0 0 0 angles 1.5708 0 0.785398 0 data 0.027481 -0.00446834 -0.103137
location 0 0 0 angles 0 0.785398 0.785398 0 data -0.00145425 0.04735 -0.122582
location 0 0 0 angles 0.785398 0.785398 0.785398 0 data 0.0152397 0.0241854 -0.113947
location 0 0 0 angles 1.5708 0.785398 0.785398 0 data 0.0561393 0.0168217 -0.0909297
location 0 0 0 angles 0 1.5708 0.785398 0 data 0.00944631 0.0944734 -0.0911902
location 0 0 0 angles 0.785398 1.5708 0.785398 0 data 0.0261078 0.0714864 -0.0825876
location 0 0 0 angles 1.5708 1.5708 0.785398 0 data 0.0658309 0.063284 -0.0608711
location 0 0 0 angles 0 0 1.5708 0 data -0.0805003 0.031342 -0.101809
location 0 0 0 angles 0.785398 0 1.5708 0 data -0.0638037 0.00730204 -0.0932504
location 0 0 0 angles 1.5708 0 1.5708 0 data -0.022756 -0.000124016 -0.0702778
location 0 0 0 angles 0 0.785398 1.5708 0 data -0.0522666 0.0513451 -0.0896911
location 0 0 0 angles 0.785398 0.785398 1.5708 0 data -0.035618 0.0283663 -0.0810652
location 0 0 0 angles 1.5708 0.785398 1.5708 0 data 0.00487457 0.0207862 -0.0585035
location 0 0 0 angles 0 1.5708 1.5708 0 data -0.0410776 0.0978543 -0.0589302
location 0 0 0 angles 0.785398 1.5708 1.5708 0 data -0.0245846 0.0749663 -0.0504776
location 0 0 0 angles 1.5708 1.5708 1.5708 0 data 0.0148627 0.0664776 -0.0293772
location 0 0 0 angles 0 0 0 0.785398 data -0.0273374 -0.0225782 -0.136797
location 0 0 0 angles 0.785398 0 0 0.785398 data -0.00808404 -0.0462694 -0.128504
location 0 0 0 angles 1.5708 0 0 0.785398 data 0.0330532 -0.0537553 -0.10571
location 0 0 0 angles 0 0.785398 0 0.785398 data 0.00432299 -0.00194182 -0.124987
location 0 0 0 angles 0.785398 0.785398 0 0.785398 data 0.021116 -0.0248064 -0.116359
location 0 0 0 angles 1.5708 0.785398 0 0.785398 data 0.0621766 -0.0322953 -0.0934174
location 0 0 0 angles 0 1.5708 0 0.785398 data 0.0154696 0.045479 -0.0935918
location 0 0 0 angles 0.785398 1.5708 0 0.785398 data 0.0320123 0.0225568 -0.0849293
location 0 0 0 angles 1.5708 1.5708 0 0.785398 data 0.0718866 0.0149731 -0.0629094
location 0 0 0 angles 0 0 0.785398 0.785398 data -0.0484986 0.00299852 -0.122585
location 0 0 0 angles 0.785398 0 0.785398 0.785398 data -0.0320373 -0.0203257 -0.114044
location 0 0 0 angles 1.5708 0 0.785398 0.785398 data 0.00928324 -0.0279283 -0.0909088
location 0 0 0 angles 0 0.785398 0.785398 0.785398 data -0.0199023 0.0236887 -0.110261
location 0 0 0 angles 0.785398 0.785398 0.785398 0.785398 data -0.0032375 0.000801423 -0.101552
location 0 0 0 angles 1.5708 0.785398 0.785398 0.785398 data 0.0376695 -0.00655009 -0.0787957
location 0 0 0 angles 0 1.5708 0.785398 0.785398 data -0.00885529 0.0708045 -0.0790724
location 0 0 0 angles 0.785398 1.5708 0.785398 0.785398 data 0.0077506 0.0480189 -0.0703249
location 0 0 0 angles 1.5708 1.5708 0.785398 0.785398 data 0.0474008 0.0395729 -0.0489193
location 0 0 0 angles 0 0 1.5708 0.785398 data -0.0990001 0.00703711 -0.0896167
location 0 0 0 angles 0.785398 0 1.5708 0.785398 data -0.0823891 -0.0161362 -0.0810031
location 0 0 0 angles 1.5708 0 1.5708 0.785398 data -0.0408736 -0.0236883 -0.0581183
location 0 0 0 angles 0 0.785398 1.5708 0.785398 data -0.0706328 0.0277263 -0.0775869
location 0 0 0 angles 0.785398 0.785398 1.5708 0.785398 data -0.0538837 0.00496738 -0.0688508
location 0 0 0 angles 1.5708 0.785398 1.5708 0.785398 data -0.0135595 -0.00267917 -0.0465129
location 0 0 0 angles 0 1.5708 1.5708 0.785398 data -0.0583737 0.0742586 -0.0477655
location 0 0 0 angles 0.785398 1.5708 1.5708 0.785398 data -0.0416478 0.051486 -0.0390079
location 0 0 0 angles 1.5708 1.5708 1.5708 0.785398 data -0.00253058 0.0424481 -0.0183422
location 0 0 0 angles 0 0 0 1.5708 data -0.025719 -0.0654599 -0.113165
location 0 0 0 angles 0.785398 0 0 1.5708 data -0.00880329 -0.0890051 -0.104548
location 0 0 0 angles 1.5708 0 0 1.5708 data 0.0319466 -0.0950713 -0.0824905
location 0 0 0 angles 0 0.785398 0 1.5708 data 0.00339525 -0.0440088 -0.101543
location 0 0 0 angles 0.785398 0.785398 0 1.5708 data 0.0202424 -0.0667144 -0.0929254
location 0 0 0 angles 1.5708 0.785398 0 1.5708 data 0.060145 -0.0739746 -0.0708638
location 0 0 0 angles 0 1.5708 0 1.5708 data 0.0145161 0.003765 -0.0701118
location 0 0 0 angles 0.785398 1.5708 0 1.5708 data 0.0311846 -0.0191625 -0.0615172
location 0 0 0 angles 1.5708 1.5708 0 1.5708 data 0.0702588 -0.0266799 -0.0403951
location 0 0 0 angles 0 0 0.785398 1.5708 data -0.0493009 -0.0395901 -0.098984
location 0 0 0 angles 0.785398 0 0.785398 1.5708 data -0.0324283 -0.0627673 -0.090557
location 0 0 0 angles 1.5708 0 0.785398 1.5708 data 0.00850886 -0.0701111 -0.0677719
location 0 0 0 angles 0 0.785398 0.785398 1.5708 data -0.0208108 -0.0188485 -0.0869263
location 0 0 0 angles 0.785398 0.785398 0.785398 1.5708 data -0.00396794 -0.0416104 -0.0783382
location 0 0 0 angles 1.5708 0.785398 0.785398 1.5708 data 0.0356959 -0.0490067 -0.0563243
location 0 0 0 angles 0 1.5708 0.785398 1.5708 data -0.00965435 0.0282253 -0.0558488
location 0 0 0 angles 0.785398 1.5708 0.785398 1.5708 data 0.00693722 0.00530619 -0.0473108
location 0 0 0 angles 1.5708 1.5708 0.785398 1.5708 data 0.0459634 -0.00258933 -0.0265349
location 0 0 0 angles 0 0 1.5708 1.5708 data -0.0987788 -0.0349213 -0.0670676
location 0 0 0 angles 0.785398 0 1.5708 1.5708 data -0.0818353 -0.0580153 -0.0584559
location 0 0 0 angles 1.5708 0 1.5708 1.5708 data -0.0415413 -0.0651997 -0.036494
location 0 0 0 angles 0 0.785398 1.5708 1.5708 data -0.0706066 -0.0142794 -0.0550681
location 0 0 0 angles 0.785398 0.785398 1.5708 1.5708 data -0.0537116 -0.037006 -0.0463732
location 0 0 0 angles 1.5708 0.785398 1.5708 1.5708 data -0.0141884 -0.0434975 -0.0254228
location 0 0 0 angles 0 1.5708 1.5708 1.5708 data -0.0579781 0.0322319 -0.0256881
location 0 0 0 angles 0.785398 1.5708 1.5708 1.5708 data -0.0411421 0.00926135 -0.0172507
location 0 0 0 angles 1.5708 1.5708 1.5708 1.5708 data -0.00293077 0.00145469 -0.000547572
location 0 0 0 angles 0 0 0 0 data -0.00865207 2.91817e-05 -0.148784
location -8000 0 0 angles 0 0 0 0 data -0.00341834 0.00257216 -0.154871
location -8000 0 0 angles 0.785398 0 0 0 data 0.0132106 -0.0193479 -0.15035
location -8000 0 0 angles 1.5708 0 0 0 data 0.046089 -0.0241772 -0.134683
location -8000 0 0 angles 0 0.785398 0 0 data 0.0304916 0.0142966 -0.149325
location -8000 0 0 angles 0.785398 0.785398 0 0 data 0.0438799 -0.00374432 -0.143367
location -8000 0 0 angles 1.5708 0.785398 0 0 data 0.0767208 -0.00970816 -0.127524
location -8000 0 0 angles 0 1.5708 0 0 data 0.0492403 0.0568974 -0.121273
location -8000 0 0 angles 0.785398 1.5708 0 0 data 0.0627273 0.0393692 -0.115205
location -8000 0 0 angles 1.5708 1.5708 0 0 data 0.0951142 0.0335692 -0.0999458
location -8000 0 0 angles 0 0 0.785398 0 data -0.0313921 0.0362557 -0.134143
location -8000 0 0 angles 0.785398 0 0.785398 0 data -0.0177646 0.0175411 -0.128407
location -8000 0 0 angles 1.5708 0 0.785398 0 data 0.0154758 0.0118323 -0.112655
location -8000 0 0 angles 0 0.785398 0.785398 0 data -0.000796538 0.0488656 -0.127158
location -8000 0 0 angles 0.785398 0.785398 0.785398 0 data 0.0128 0.030945 -0.121248
location -8000 0 0 angles 1.5708 0.785398 0.785398 0 data 0.0458292 0.025318 -0.105542
location -8000 0 0 angles 0 1.5708 0.785398 0 data 0.0182016 0.0919958 -0.0991955
location -8000 0 0 angles 0.785398 1.5708 0.785398 0 data 0.0316423 0.0742571 -0.0933988
location -8000 0 0 angles 1.5708 1.5708 0.785398 0 data 0.0637895 0.0678549 -0.0787507
location -8000 0 0 angles 0 0 1.5708 0 data -0.0931503 0.0413859 -0.0854024
location -8000 0 0 angles 0.785398 0 1.5708 0 data -0.0795455 0.022687 -0.079518
location -8000 0 0 angles 1.5708 0 1.5708 0 data -0.0464303 0.0170613 -0.0639916
location -8000 0 0 angles 0 0.785398 1.5708 0 data -0.0632454 0.054061 -0.078431
location -8000 0 0 angles 0.785398 0.785398 1.5708 0 data -0.0497961 0.0363105 -0.0725037
location -8000 0 0 angles 1.5708 0.785398 1.5708 0 data -0.0167867 0.0305634 -0.0571897
location -8000 0 0 angles 0 1.5708 1.5708 0 data -0.0438439 0.0963865 -0.0510965
location -8000 0 0 angles 0.785398 1.5708 1.5708 0 data -0.0304407 0.0786179 -0.0452222
location -8000 0 0 angles 1.5708 1.5708 1.5708 0 data 0.00140928 0.0718762 -0.0312137
location -8000 0 0 angles 0 0 0 0.785398 data -0.0149144 -0.0257898 -0.141139
location -8000 0 0 angles 0.785398 0 0 0.785398 data -0.00143845 -0.0440484 -0.135311
location -8000 0 0 angles 1.5708 0 0 0.785398 data 0.0320442 -0.0497279 -0.119732
location -8000 0 0 angles 0 0.785398 0 0.785398 data 0.0162517 -0.0126834 -0.134446
location -8000 0 0 angles 0.785398 0.785398 0 0.785398 data 0.0298658 -0.0301711 -0.128441
location -8000 0 0 angles 1.5708 0.785398 0 0.785398 data 0.0629725 -0.0357843 -0.112861
location -8000 0 0 angles 0 1.5708 0 0.785398 data 0.0354874 0.0309395 -0.106259
location -8000 0 0 angles 0.785398 1.5708 0 0.785398 data 0.0490009 0.0130663 -0.100426
location -8000 0 0 angles 1.5708 1.5708 0 0.785398 data 0.0810646 0.00728953 -0.0854592
location -8000 0 0 angles 0 0 0.785398 0.785398 data -0.0444026 0.00789557 -0.119623
location -8000 0 0 angles 0.785398 0 0.785398 0.785398 data -0.03096 -0.0102535 -0.11374
location -8000 0 0 angles 1.5708 0 0.785398 0.785398 data 0.00227597 -0.0158935 -0.0981965
location -8000 0 0 angles 0 0.785398 0.785398 0.785398 data -0.0142458 0.0211706 -0.112457
location -8000 0 0 angles 0.785398 0.785398 0.785398 0.785398 data -0.000601216 0.00340809 -0.106602
location -8000 0 0 angles 1.5708 0.785398 0.785398 0.785398 data 0.0324602 -0.00222633 -0.0910604
location -8000 0 0 angles 0 1.5708 0.785398 0.785398 data 0.063516 0.0430293 -0.079227
location -8000 0 0 angles 0.785398 1.5708 0.785398 0.785398 data 0.0184024 0.0452875 -0.0793714
location -8000 0 0 angles 1.5708 1.5708 0.785398 0.785398 data 0.0503721 0.0396843 -0.0644463
location -8000 0 0 angles 0 0 1.5708 0.785398 data -0.10654 0.0129391 -0.0708049
location -8000 0 0 angles 0.785398 0 1.5708 0.785398 data -0.0931054 -0.00486804 -0.0650182
location -8000 0 0 angles 1.5708 0 1.5708 0.785398 data -0.0592724 -0.0105345 -0.0494173
location -8000 0 0 angles 0 0.785398 1.5708 0.785398 data -0.0763073 0.026369 -0.063913
location -8000 0 0 angles 0.785398 0.785398 1.5708 0.785398 data -0.0627509 0.00857073 -0.0579698
location -8000 0 0 angles 1.5708 0.785398 1.5708 0.785398 data -0.0301422 0.00311913 -0.0427799
location -8000 0 0 angles 0 1.5708 1.5708 0.785398 data -0.0558098 0.068624 -0.0377764
location -8000 0 0 angles 0.785398 1.5708 1.5708 0.785398 data -0.0421345 0.0510405 -0.031843
location -8000 0 0 angles 1.5708 1.5708 1.5708 0.785398 data -0.0106706 0.0439809 -0.0180651
location -8000 0 0 angles 0 0 0 1.5708 data -0.00851533 -0.0675278 -0.11742
location -8000 0 0 angles 0.785398 0 0 1.5708 data 0.00526077 -0.0857955 -0.111451
location -8000 0 0 angles 1.5708 0 0 1.5708 data 0.0378479 -0.0901055 -0.0965898
location -8000 0 0 angles 0 0.785398 0 1.5708 data 0.0220436 -0.0536701 -0.111095
location -8000 0 0 angles 0.785398 0.785398 0 1.5708 data 0.0356663 -0.0713303 -0.105172
location -8000 0 0 angles 1.5708 0.785398 0 1.5708 data 0.067832 -0.0767277 -0.0901241
location -8000 0 0 angles 0 1.5708 0 1.5708 data 0.0412041 -0.0100929 -0.0830046
location -8000 0 0 angles 0.785398 1.5708 0 1.5708 data 0.0549024 -0.0280274 -0.0771562
location -8000 0 0 angles 1.5708 1.5708 0 1.5708 data 0.0862281 -0.0335737 -0.0629701
location -8000 0 0 angles 0 0 0.785398 1.5708 data -0.0384718 -0.0339631 -0.0964894
location -8000 0 0 angles 0.785398 0 0.785398 1.5708 data -0.0247321 -0.0518808 -0.0905101
location -8000 0 0 angles 1.5708 0 0.785398 1.5708 data 0.00824261 -0.0572791 -0.0750725
location -8000 0 0 angles 0 0.785398 0.785398 1.5708 data -0.00816631 -0.0208212 -0.0894357
location -8000 0 0 angles 0.785398 0.785398 0.785398 1.5708 data 0.00562509 -0.0382575 -0.0834174
location -8000 0 0 angles 1.5708 0.785398 0.785398 1.5708 data 0.037606 -0.0437169 -0.0685016
location -8000 0 0 angles 0 1.5708 0.785398 1.5708 data 0.0110851 0.0223365 -0.0617486
location -8000 0 0 angles 0.785398 1.5708 0.785398 1.5708 data 0.0246214 0.0046725 -0.0558572
location -8000 0 0 angles 1.5708 1.5708 0.785398 1.5708 data 0.0559098 -0.00154887 -0.0419445
location -8000 0 0 angles 0 0 1.5708 1.5708 data -0.0989931 -0.0282694 -0.0489416
location -8000 0 0 angles 0.785398 0 1.5708 1.5708 data -0.0853155 -0.046184 -0.0430095
location -8000 0 0 angles 1.5708 0 1.5708 1.5708 data -0.052669 -0.0513641 -0.0280394
location -8000 0 0 angles 0 0.785398 1.5708 1.5708 data -0.0690577 -0.0148723 -0.0420356
location -8000 0 0 angles 0.785398 0.785398 1.5708 1.5708 data -0.0552839 -0.0324803 -0.0361872
location -8000 0 0 angles 1.5708 0.785398 1.5708 1.5708 data -0.0236347 -0.0373087 -0.0218504
location -8000 0 0 angles 0 1.5708 1.5708 1.5708 data -0.0482361 0.0274048 -0.0162693
location -8000 0 0 angles 0.785398 1.5708 1.5708 1.5708 data -0.0346249 0.00984156 -0.0105638
location -8000 0 0 angles 1.5708 1.5708 1.5708 1.5708 data -0.00472077 0.00348411 -0.000639392
location -8000 0 0 angles 0 0 0 0 data -0.0034937 0.00210517 -0.154901
location -8000 8000 0 angles 0 0 0 0 data -0.011537 0.00379396 -0.159585
location -8000 8000 0 angles 0.785398 0 0 0 data 0.00214367 -0.0200762 -0.158522
location -8000 8000 0 angles 1.5708 0 0 0 data 0.0323909 -0.0296818 -0.144118
location -8000 8000 0 angles 0 0.785398 0 0 data 0.0333219 0.0163924 -0.151819
location -8000 8000 0 angles 0.785398 0.785398 0 0 data 0.0419352 -0.00290593 -0.14825
location -8000 8000 0 angles 1.5708 0.785398 0 0 data 0.0722288 -0.0135983 -0.134035
location -8000 8000 0 angles 0 1.5708 0 0 data 0.0594768 0.0681934 -0.110753
location -8000 8000 0 angles 0.785398 1.5708 0 0 data 0.0686076 0.0488828 -0.107193
location -8000 8000 0 angles 1.5708 1.5708 0 0 data 0.0981092 0.038474 -0.0934965
location -8000 8000 0 angles 0 0 0.785398 0 data -0.0457896 0.0277846 -0.133339
location -8000 8000 0 angles 0.785398 0 0.785398 0 data -0.0369173 0.00780951 -0.130069
location -8000 8000 0 angles 1.5708 0 0.785398 0 data -0.0065305 -0.00274697 -0.115931
location -8000 8000 0 angles 0 0.785398 0.785398 0 data -0.00582803 0.0420256 -0.1237
location -8000 8000 0 angles 0.785398 0.785398 0.785398 0 data 0.00302172 0.0227753 -0.119997
location -8000 8000 0 angles 1.5708 0.785398 0.785398 0 data 0.0335523 0.0122626 -0.105993
location -8000 8000 0 angles 0 1.5708 0.785398 0 data 0.0207332 0.0940352 -0.0825135
location -8000 8000 0 angles 0.785398 1.5708 0.785398 0 data 0.0296615 0.074798 -0.0790076
location -8000 8000 0 angles 1.5708 1.5708 0.785398 0 data 0.0590942 0.0637437 -0.0660005
