location 0 0 0 angles 0 0 0 0 data -0.00695357 0.00394617 -0.148532
location 0 0 0 angles 0.0872665 0.0872665 0.0872665 0.0872665 data -0.00474018 0.00353561 -0.148415
location 0 0 0 angles 0.174533 0.174533 0.174533 0.174533 data -0.00501136 0.00366906 -0.146372
location 0 0 0 angles 0.261799 0.261799 0.261799 0.261799 data -0.00516078 0.00363286 -0.143089
location 0 0 0 angles 0.349066 0.349066 0.349066 0.349066 data -0.00536548 0.0036587 -0.138522
location 0 0 0 angles 0.436332 0.436332 0.436332 0.436332 data -0.00548313 0.00352821 -0.132327
location 0 0 0 angles 0.523599 0.523599 0.523599 0.523599 data -0.00593236 0.00359172 -0.125451
location 0 0 0 angles 0.610865 0.610865 0.610865 0.610865 data -0.00606515 0.00325291 -0.117121
location 0 0 0 angles 0.698132 0.698132 0.698132 0.698132 data -0.00589122 0.00306615 -0.109643
location 0 0 0 angles 0.785398 0.785398 0.785398 0.785398 data -0.005338 0.00328253 -0.100335
location 0 0 0 angles 0.872665 0.872665 0.872665 0.872665 data -0.00589879 0.00301563 -0.0888654
location 0 0 0 angles 0.959931 0.959931 0.959931 0.959931 data -0.00634703 0.00271647 -0.0778441
location 0 0 0 angles 1.0472 1.0472 1.0472 1.0472 data -0.0064716 0.00263848 -0.0666784
location 0 0 0 angles 1.13446 1.13446 1.13446 1.13446 data -0.00648476 0.00250239 -0.0554058
location 0 0 0 angles 1.22173 1.22173 1.22173 1.22173 data -0.0065853 0.00251835 -0.0439407
location 0 0 0 angles 1.309 1.309 1.309 1.309 data -0.00665803 0.00235364 -0.0326899
location 0 0 0 angles 1.39626 1.39626 1.39626 1.39626 data -0.00702268 0.00257463 -0.0211119
location 0 0 0 angles 1.48353 1.48353 1.48353 1.48353 data -0.0064846 0.00165643 -0.00857193
location 0 0 0 angles 1.5708 1.5708 1.5708 1.5708 data -0.00586654 6.14447e-06 4.31686e-05
location -18000 0 0 angles 0 0 0 0 data 0.00944614 0.00805568 -0.180892
location -18000 0 0 angles 0.0872665 0.0872665 0.0872665 0.0872665 data 0.0104181 0.00783156 -0.181318
location -18000 0 0 angles 0.174533 0.174533 0.174533 0.174533 data 0.00943331 0.00961596 -0.178495
location -18000 0 0 angles 0.261799 0.261799 0.261799 0.261799 data 0.00898787 0.0108504 -0.17432
location -18000 0 0 angles 0.349066 0.349066 0.349066 0.349066 data 0.00810373 0.0122396 -0.168582
location -18000 0 0 angles 0.436332 0.436332 0.436332 0.436332 data 0.00680492 0.0135818 -0.160966
location -18000 0 0 angles 0.523599 0.523599 0.523599 0.523599 data 0.00568926 0.0148787 -0.152422
location -18000 0 0 angles 0.610865 0.610865 0.610865 0.610865 data 0.0033184 0.0164728 -0.142986
location -18000 0 0 angles 0.698132 0.698132 0.698132 0.698132 data 0.00391869 0.0168199 -0.1336
location -18000 0 0 angles 0.785398 0.785398 0.785398 0.785398 data 0.000799119 0.0177093 -0.120643
location -18000 0 0 angles 0.872665 0.872665 0.872665 0.872665 data -3.23606e-05 0.0183537 -0.106982
location -18000 0 0 angles 0.959931 0.959931 0.959931 0.959931 data -0.00186004 0.0187691 -0.0930496
location -18000 0 0 angles 1.0472 1.0472 1.0472 1.0472 data -0.00286578 0.0188289 -0.0796903
location -18000 0 0 angles 1.13446 1.13446 1.13446 1.13446 data -0.00453318 0.0191104 -0.0656062
location -18000 0 0 angles 1.22173 1.22173 1.22173 1.22173 data -0.00558005 0.0190291 -0.0518016
location -18000 0 0 angles 1.309 1.309 1.309 1.309 data -0.00705756 0.0189191 -0.0377333
location -18000 0 0 angles 1.39626 1.39626 1.39626 1.39626 data -0.00890581 0.0190393 -0.0231974
location -18000 0 0 angles 1.48353 1.48353 1.48353 1.48353 data -0.00955398 0.0181443 -0.00838747
location -18000 0 0 angles 1.5708 1.5708 1.5708 1.5708 data -0.0111427 0.0164406 0.00212886
location -18000 18000 0 angles 0 0 0 0 data -0.0331313 0.036157 -0.174844
location -18000 18000 0 angles 0.0872665 0.0872665 0.0872665 0.0872665 data -0.033685 0.0301956 -0.176928
location -18000 18000 0 angles 0.174533 0.174533 0.174533 0.174533 data -0.0366275 0.0286608 -0.17369
location -18000 18000 0 angles 0.261799 0.261799 0.261799 0.261799 data -0.0385287 0.0264512 -0.169208
location -18000 18000 0 angles 0.349066 0.349066 0.349066 0.349066 data -0.0408578 0.0239881 -0.162873
location -18000 18000 0 angles 0.436332 0.436332 0.436332 0.436332 data -0.0425059 0.021372 -0.155016
location -18000 18000 0 angles 0.523599 0.523599 0.523599 0.523599 data -0.0439728 0.0183971 -0.146067
location -18000 18000 0 angles 0.610865 0.610865 0.610865 0.610865 data -0.0442826 0.0156157 -0.138271
location -18000 18000 0 angles 0.698132 0.698132 0.698132 0.698132 data -0.0469421 0.0121221 -0.126301
location -18000 18000 0 angles 0.785398 0.785398 0.785398 0.785398 data -0.0452212 0.00930677 -0.115615
location -18000 18000 0 angles 0.872665 0.872665 0.872665 0.872665 data -0.0471119 0.00519215 -0.102651
location -18000 18000 0 angles 0.959931 0.959931 0.959931 0.959931 data -0.045615 0.00181358 -0.088274
location -18000 18000 0 angles 1.0472 1.0472 1.0472 1.0472 data -0.0440182 -0.000984292 -0.0749907
location -18000 18000 0 angles 1.13446 1.13446 1.13446 1.13446 data -0.0427911 -0.00407951 -0.061313
location -18000 18000 0 angles 1.22173 1.22173 1.22173 1.22173 data -0.0411671 -0.00674738 -0.0476544
location -18000 18000 0 angles 1.309 1.309 1.309 1.309 data -0.0397693 -0.00926733 -0.0340185
location -18000 18000 0 angles 1.39626 1.39626 1.39626 1.39626 data -0.0383737 -0.0119393 -0.0198413
location -18000 18000 0 angles 1.48353 1.48353 1.48353 1.48353 data -0.0359785 -0.0149425 -0.00521343
location -18000 18000 0 angles 1.5708 1.5708 1.5708 1.5708 data -0.0357361 -0.0189059 0.00372781
location 0 18000 0 angles 0 0 0 0 data -0.0190206 -0.00641943 -0.172246
location 0 18000 0 angles 0.0872665 0.0872665 0.0872665 0.0872665 data -0.0123619 -0.00730785 -0.172984
location 0 18000 0 angles 0.174533 0.174533 0.174533 0.174533 data -0.0120986 -0.00733385 -0.170719
location 0 18000 0 angles 0.261799 0.261799 0.261799 0.261799 data -0.0112612 -0.00775773 -0.166953
location 0 18000 0 angles 0.349066 0.349066 0.349066 0.349066 data -0.0103748 -0.00782043 -0.161633
location 0 18000 0 angles 0.436332 0.436332 0.436332 0.436332 data -0.00942826 -0.00760947 -0.154767
location 0 18000 0 angles 0.523599 0.523599 0.523599 0.523599 data -0.00856667 -0.00764715 -0.146933
location 0 18000 0 angles 0.610865 0.610865 0.610865 0.610865 data -0.0065644 -0.00795947 -0.139374
location 0 18000 0 angles 0.698132 0.698132 0.698132 0.698132 data -0.00723594 -0.00819116 -0.129684
location 0 18000 0 angles 0.785398 0.785398 0.785398 0.785398 data -0.00429211 -0.00719941 -0.118465
location 0 18000 0 angles 0.872665 0.872665 0.872665 0.872665 data -0.00509956 -0.00769981 -0.107063
location 0 18000 0 angles 0.959931 0.959931 0.959931 0.959931 data -0.00332257 -0.00644231 -0.0928615
location 0 18000 0 angles 1.0472 1.0472 1.0472 1.0472 data -0.00195334 -0.00559174 -0.0796503
location 0 18000 0 angles 1.13446 1.13446 1.13446 1.13446 data -0.000798678 -0.00506912 -0.0664211
location 0 18000 0 angles 1.22173 1.22173 1.22173 1.22173 data 7.67371e-05 -0.00424373 -0.053034
location 0 18000 0 angles 1.309 1.309 1.309 1.309 data 0.000834497 -0.00358075 -0.0399268
location 0 18000 0 angles 1.39626 1.39626 1.39626 1.39626 data 0.00130133 -0.0029283 -0.026189
location 0 18000 0 angles 1.48353 1.48353 1.48353 1.48353 data 0.0026365 -0.00258406 -0.0120655
location 0 18000 0 angles 1.5708 1.5708 1.5708 1.5708 data 0.00330096 -0.00515156 -0.00389472
location 18000 18000 0 angles 0 0 0 0 data 0.00645854 0.00853946 -0.174905
location 18000 18000 0 angles 0.0872665 0.0872665 0.0872665 0.0872665 data 0.0100134 0.0140065 -0.171843
location 18000 18000 0 angles 0.174533 0.174533 0.174533 0.174533 data 0.00877477 0.0157159 -0.169356
location 18000 18000 0 angles 0.261799 0.261799 0.261799 0.261799 data 0.00763361 0.0168901 -0.164939
location 18000 18000 0 angles 0.349066 0.349066 0.349066 0.349066 data 0.00640572 0.018206 -0.159255
location 18000 18000 0 angles 0.436332 0.436332 0.436332 0.436332 data 0.00501724 0.0192876 -0.152012
location 18000 18000 0 angles 0.523599 0.523599 0.523599 0.523599 data 0.00362645 0.0203062 -0.14347
location 18000 18000 0 angles 0.610865 0.610865 0.610865 0.610865 data 0.00325044 0.0205641 -0.134994
location 18000 18000 0 angles 0.698132 0.698132 0.698132 0.698132 data 0.000588986 0.0211296 -0.125542
location 18000 18000 0 angles 0.785398 0.785398 0.785398 0.785398 data 2.6878e-05 0.0218244 -0.113317
location 18000 18000 0 angles 0.872665 0.872665 0.872665 0.872665 data -0.00265466 0.0212407 -0.102489
location 18000 18000 0 angles 0.959931 0.959931 0.959931 0.959931 data -0.00445205 0.0220011 -0.0877583
location 18000 18000 0 angles 1.0472 1.0472 1.0472 1.0472 data -0.00610201 0.0220386 -0.0744234
location 18000 18000 0 angles 1.13446 1.13446 1.13446 1.13446 data -0.00766361 0.0218454 -0.0611658
location 18000 18000 0 angles 1.22173 1.22173 1.22173 1.22173 data -0.00895353 0.0216483 -0.0476653
location 18000 18000 0 angles 1.309 1.309 1.309 1.309 data -0.0103535 0.0210885 -0.0345038
location 18000 18000 0 angles 1.39626 1.39626 1.39626 1.39626 data -0.011743 0.0206728 -0.0209546
location 18000 18000 0 angles 1.48353 1.48353 1.48353 1.48353 data -0.0123874 0.0192317 -0.00626558
location 18000 18000 0 angles 1.5708 1.5708 1.5708 1.5708 data -0.0111171 0.0159606 0.00250618
location 18000 0 0 angles 0 0 0 0 data -0.0175533 0.00348872 -0.1606
location 18000 0 0 angles 0.0872665 0.0872665 0.0872665 0.0872665 data -0.0163026 0.00497955 -0.159856
location 18000 0 0 angles 0.174533 0.174533 0.174533 0.174533 data -0.0168946 0.00457986 -0.157986
location 18000 0 0 angles 0.261799 0.261799 0.261799 0.261799 data -0.0170552 0.00360802 -0.154453
location 18000 0 0 angles 0.349066 0.349066 0.349066 0.349066 data -0.0172644 0.00297021 -0.149661
location 18000 0 0 angles 0.436332 0.436332 0.436332 0.436332 data -0.0173412 0.00250535 -0.143366
location 18000 0 0 angles 0.523599 0.523599 0.523599 0.523599 data -0.0172352 0.00156593 -0.135974
location 18000 0 0 angles 0.610865 0.610865 0.610865 0.610865 data -0.0157143 0.000629631 -0.128442
location 18000 0 0 angles 0.698132 0.698132 0.698132 0.698132 data -0.0168683 0.000283908 -0.119896
location 18000 0 0 angles 0.785398 0.785398 0.785398 0.785398 data -0.0149297 -0.000269809 -0.109145
location 18000 0 0 angles 0.872665 0.872665 0.872665 0.872665 data -0.015845 -0.00150609 -0.0988794
location 18000 0 0 angles 0.959931 0.959931 0.959931 0.959931 data -0.0150311 -0.00149671 -0.0858739
location 18000 0 0 angles 1.0472 1.0472 1.0472 1.0472 data -0.0141884 -0.00186678 -0.0736898
location 18000 0 0 angles 1.13446 1.13446 1.13446 1.13446 data -0.0133518 -0.00232473 -0.0613565
location 18000 0 0 angles 1.22173 1.22173 1.22173 1.22173 data -0.0127517 -0.00257732 -0.0492096
location 18000 0 0 angles 1.309 1.309 1.309 1.309 data -0.0118681 -0.00287746 -0.0370749
location 18000 0 0 angles 1.39626 1.39626 1.39626 1.39626 data -0.0113084 -0.0028457 -0.0247118
location 18000 0 0 angles 1.48353 1.48353 1.48353 1.48353 data -0.0096769 -0.00378233 -0.0108243
location 18000 0 0 angles 1.5708 1.5708 1.5708 1.5708 data -0.00723281 -0.00539131 -0.00117451
location 18000 -18000 0 angles 0 0 0 0 data -0.000545104 -0.00258489 -0.168563
location 18000 -18000 0 angles 0.0872665 0.0872665 0.0872665 0.0872665 data -0.000271125 0.000572038 -0.168962
location 18000 -18000 0 angles 0.174533 0.174533 0.174533 0.174533 data -0.000165977 0.0016097 -0.166644
location 18000 -18000 0 angles 0.261799 0.261799 0.261799 0.261799 data 0.000188303 0.00240695 -0.16286
location 18000 -18000 0 angles 0.349066 0.349066 0.349066 0.349066 data 0.000232238 0.0033811 -0.157503
location 18000 -18000 0 angles 0.436332 0.436332 0.436332 0.436332 data 0.000508192 0.00440379 -0.150765
location 18000 -18000 0 angles 0.523599 0.523599 0.523599 0.523599 data 0.00053995 0.00524103 -0.142995
location 18000 -18000 0 angles 0.610865 0.610865 0.610865 0.610865 data 0.00237947 0.00611348 -0.134742
location 18000 -18000 0 angles 0.698132 0.698132 0.698132 0.698132 data 0.000498154 0.00698001 -0.125593
location 18000 -18000 0 angles 0.785398 0.785398 0.785398 0.785398 data 0.00221574 0.00846657 -0.114298
location 18000 -18000 0 angles 0.872665 0.872665 0.872665 0.872665 data 0.000452738 0.00865811 -0.103298
location 18000 -18000 0 angles 0.959931 0.959931 0.959931 0.959931 data 0.000513951 0.00974151 -0.0898384
location 18000 -18000 0 angles 1.0472 1.0472 1.0472 1.0472 data 0.000202125 0.0104167 -0.0770295
location 18000 -18000 0 angles 1.13446 1.13446 1.13446 1.13446 data -6.69056e-06 0.0111043 -0.0641799
location 18000 -18000 0 angles 1.22173 1.22173 1.22173 1.22173 data -0.000406716 0.0115368 -0.0513266
location 18000 -18000 0 angles 1.309 1.309 1.309 1.309 data -0.000567483 0.0122195 -0.0386656
location 18000 -18000 0 angles 1.39626 1.39626 1.39626 1.39626 data -0.000835373 0.0129114 -0.0258102
location 18000 -18000 0 angles 1.48353 1.48353 1.48353 1.48353 data -0.00102263 0.0125631 -0.0107513
location 18000 -18000 0 angles 1.5708 1.5708 1.5708 1.5708 data 9.05595e-05 0.0123513 -0.000132408
location 0 -18000 0 angles 0 0 0 0 data -0.0131117 0.0133538 -0.16409
location 0 -18000 0 angles 0.0872665 0.0872665 0.0872665 0.0872665 data -0.0135759 0.0121478 -0.16361
location 0 -18000 0 angles 0.174533 0.174533 0.174533 0.174533 data -0.0141318 0.0114356 -0.161057
location 0 -18000 0 angles 0.261799 0.261799 0.261799 0.261799 data -0.0141147 0.010284 -0.157097
location 0 -18000 0 angles 0.349066 0.349066 0.349066 0.349066 data -0.014324 0.00899264 -0.151629
location 0 -18000 0 angles 0.436332 0.436332 0.436332 0.436332 data -0.0145636 0.00792733 -0.144874
location 0 -18000 0 angles 0.523599 0.523599 0.523599 0.523599 data -0.0144537 0.00676017 -0.136991
location 0 -18000 0 angles 0.610865 0.610865 0.610865 0.610865 data -0.0132717 0.0060572 -0.129557
location 0 -18000 0 angles 0.698132 0.698132 0.698132 0.698132 data -0.0143842 0.00468879 -0.119466
location 0 -18000 0 angles 0.785398 0.785398 0.785398 0.785398 data -0.0127132 0.00393942 -0.1093
location 0 -18000 0 angles 0.872665 0.872665 0.872665 0.872665 data -0.0137412 0.00199459 -0.097529
location 0 -18000 0 angles 0.959931 0.959931 0.959931 0.959931 data -0.0129227 0.00127188 -0.0843623
location 0 -18000 0 angles 1.0472 1.0472 1.0472 1.0472 data -0.0122526 -0.000107396 -0.0719149
location 0 -18000 0 angles 1.13446 1.13446 1.13446 1.13446 data -0.0115051 -0.00105159 -0.0591607
location 0 -18000 0 angles 1.22173 1.22173 1.22173 1.22173 data -0.0111454 -0.00195251 -0.0468341
location 0 -18000 0 angles 1.309 1.309 1.309 1.309 data -0.0105263 -0.00265317 -0.0343516
location 0 -18000 0 angles 1.39626 1.39626 1.39626 1.39626 data -0.010495 -0.00298047 -0.021732
location 0 -18000 0 angles 1.48353 1.48353 1.48353 1.48353 data -0.00914967 -0.00486014 -0.00722475
location 0 -18000 0 angles 1.5708 1.5708 1.5708 1.5708 data -0.0082425 -0.006207 0.00229226
location -18000 -18000 0 angles 0 0 0 0 data -0.0166356 -0.0240056 -0.177021
location -18000 -18000 0 angles 0.0872665 0.0872665 0.0872665 0.0872665 data -0.0120971 -0.0274189 -0.17705
location -18000 -18000 0 angles 0.174533 0.174533 0.174533 0.174533 data -0.00928148 -0.0280106 -0.175269
location -18000 -18000 0 angles 0.261799 0.261799 0.261799 0.261799 data -0.00629931 -0.0288335 -0.171734
location -18000 -18000 0 angles 0.349066 0.349066 0.349066 0.349066 data -0.00325708 -0.0293216 -0.166557
location -18000 -18000 0 angles 0.436332 0.436332 0.436332 0.436332 data -0.000185229 -0.0293956 -0.160059
location -18000 -18000 0 angles 0.523599 0.523599 0.523599 0.523599 data 0.00274066 -0.0290454 -0.152238
location -18000 -18000 0 angles 0.610865 0.610865 0.610865 0.610865 data 0.00531787 -0.0284035 -0.145466
location -18000 -18000 0 angles 0.698132 0.698132 0.698132 0.698132 data 0.00834825 -0.0271937 -0.133984
location -18000 -18000 0 angles 0.785398 0.785398 0.785398 0.785398 data 0.0104978 -0.0261748 -0.125452
location -18000 -18000 0 angles 0.872665 0.872665 0.872665 0.872665 data 0.0133692 -0.0245104 -0.112026
location -18000 -18000 0 angles 0.959931 0.959931 0.959931 0.959931 data 0.0148902 -0.0225396 -0.101113
location -18000 -18000 0 angles 1.0472 1.0472 1.0472 1.0472 data 0.0173739 -0.0207361 -0.0867779
location -18000 -18000 0 angles 1.13446 1.13446 1.13446 1.13446 data 0.019025 -0.0188554 -0.0732975
location -18000 -18000 0 angles 1.22173 1.22173 1.22173 1.22173 data 0.0205155 -0.0169517 -0.0596632
location -18000 -18000 0 angles 1.309 1.309 1.309 1.309 data 0.0215854 -0.0148701 -0.0461884
location -18000 -18000 0 angles 1.39626 1.39626 1.39626 1.39626 data 0.0221321 -0.0124343 -0.0322985
location -18000 -18000 0 angles 1.48353 1.48353 1.48353 1.48353 data 0.0240891 -0.0111261 -0.017082
location -18000 -18000 0 angles 1.5708 1.5708 1.5708 1.5708 data 0.0244588 -0.0101194 -0.00639278
