location 0 0 0 angles 0 0 0 0 data -0.00701955 0.0037158 -0.149643
location 0 0 0 angles 0.0872665 0.0872665 0.0872665 0.0872665 data -0.00459011 0.00338192 -0.149519
location 0 0 0 angles 0.174533 0.174533 0.174533 0.174533 data -0.00507784 0.00374558 -0.14745
location 0 0 0 angles 0.261799 0.261799 0.261799 0.261799 data -0.00532911 0.00353923 -0.144096
location 0 0 0 angles 0.349066 0.349066 0.349066 0.349066 data -0.00550699 0.00345054 -0.139224
location 0 0 0 angles 0.436332 0.436332 0.436332 0.436332 data -0.00585354 0.00350616 -0.133073
location 0 0 0 angles 0.523599 0.523599 0.523599 0.523599 data -0.00587345 0.00371267 -0.126084
location 0 0 0 angles 0.610865 0.610865 0.610865 0.610865 data -0.006116 0.00340825 -0.117844
location 0 0 0 angles 0.698132 0.698132 0.698132 0.698132 data -0.00646255 0.00351455 -0.108825
location 0 0 0 angles 0.785398 0.785398 0.785398 0.785398 data -0.00654054 0.00308326 -0.0989804
location 0 0 0 angles 0.872665 0.872665 0.872665 0.872665 data -0.00580055 0.000572367 -0.0460701
location 0 0 0 angles 0.959931 0.959931 0.959931 0.959931 data -0.00702465 0.00320289 -0.0783673
location 0 0 0 angles 1.0472 1.0472 1.0472 1.0472 data -0.00705756 0.00326739 -0.0671607
location 0 0 0 angles 1.13446 1.13446 1.13446 1.13446 data -0.00727889 0.00315649 -0.0556131
location 0 0 0 angles 1.22173 1.22173 1.22173 1.22173 data -0.00712108 0.0031708 -0.044236
location 0 0 0 angles 1.309 1.309 1.309 1.309 data -0.00711779 0.00287527 -0.0329394
location 0 0 0 angles 1.39626 1.39626 1.39626 1.39626 data -0.00769866 0.00280895 -0.0211048
location 0 0 0 angles 1.48353 1.48353 1.48353 1.48353 data -0.00740526 0.00246191 -0.00807367
location 0 0 0 angles 1.5708 1.5708 1.5708 1.5708 data -0.00655042 -0.000194938 -0.000218469
location -9000 0 0 angles 0 0 0 0 data -0.000447854 0.00586682 -0.158602
location -9000 0 0 angles 0.0872665 0.0872665 0.0872665 0.0872665 data 0.00167684 0.00447965 -0.158872
location -9000 0 0 angles 0.174533 0.174533 0.174533 0.174533 data 0.00103838 0.00522161 -0.156482
location -9000 0 0 angles 0.261799 0.261799 0.261799 0.261799 data 0.000791385 0.00539603 -0.152835
location -9000 0 0 angles 0.349066 0.349066 0.349066 0.349066 data 0.000159177 0.00581087 -0.147607
location -9000 0 0 angles 0.436332 0.436332 0.436332 0.436332 data -0.000298112 0.0060052 -0.141224
location -9000 0 0 angles 0.523599 0.523599 0.523599 0.523599 data -0.000917648 0.00643863 -0.133632
location -9000 0 0 angles 0.610865 0.610865 0.610865 0.610865 data -0.00165862 0.00635948 -0.124775
location -9000 0 0 angles 0.698132 0.698132 0.698132 0.698132 data -0.00109043 0.00672775 -0.117275
location -9000 0 0 angles 0.785398 0.785398 0.785398 0.785398 data -0.00261204 0.00673285 -0.105366
location -9000 0 0 angles 0.872665 0.872665 0.872665 0.872665 data -0.00436879 0.00656122 -0.0951681
location -9000 0 0 angles 0.959931 0.959931 0.959931 0.959931 data -0.00452001 0.00697013 -0.0825275
location -9000 0 0 angles 1.0472 1.0472 1.0472 1.0472 data -0.00487594 0.00700074 -0.0707521
location -9000 0 0 angles 1.13446 1.13446 1.13446 1.13446 data -0.00560885 0.00687206 -0.0584676
location -9000 0 0 angles 1.22173 1.22173 1.22173 1.22173 data -0.00602517 0.00683454 -0.0462923
location -9000 0 0 angles 1.309 1.309 1.309 1.309 data -0.00665902 0.00671689 -0.0342958
location -9000 0 0 angles 1.39626 1.39626 1.39626 1.39626 data -0.00796029 0.00664399 -0.0214157
location -9000 0 0 angles 1.48353 1.48353 1.48353 1.48353 data -0.0080062 0.00606658 -0.00788921
location -9000 0 0 angles 1.5708 1.5708 1.5708 1.5708 data -0.00835522 0.00348279 0.000491901
location -9000 9000 0 angles 0 0 0 0 data -0.00968726 0.0092008 -0.161786
location -9000 9000 0 angles 0.0872665 0.0872665 0.0872665 0.0872665 data -0.00710627 0.00702871 -0.162543
location -9000 9000 0 angles 0.174533 0.174533 0.174533 0.174533 data -0.0080995 0.00731717 -0.160005
location -9000 9000 0 angles 0.261799 0.261799 0.261799 0.261799 data -0.00880823 0.00691155 -0.156068
location -9000 9000 0 angles 0.349066 0.349066 0.349066 0.349066 data -0.00968743 0.00664909 -0.150581
location -9000 9000 0 angles 0.436332 0.436332 0.436332 0.436332 data -0.0104266 0.00643633 -0.143915
location -9000 9000 0 angles 0.523599 0.523599 0.523599 0.523599 data -0.0112816 0.00610509 -0.136135
location -9000 9000 0 angles 0.610865 0.610865 0.610865 0.610865 data -0.0120112 0.00562147 -0.126917
location -9000 9000 0 angles 0.698132 0.698132 0.698132 0.698132 data -0.0138142 0.00539093 -0.119414
location -9000 9000 0 angles 0.785398 0.785398 0.785398 0.785398 data -0.00858658 -0.00272558 -0.0780473
location -9000 9000 0 angles 0.872665 0.872665 0.872665 0.872665 data -0.0133336 0.00404638 -0.0956617
location -9000 9000 0 angles 0.959931 0.959931 0.959931 0.959931 data -0.0131006 0.00418921 -0.084621
location -9000 9000 0 angles 1.0472 1.0472 1.0472 1.0472 data -0.0133688 0.00353561 -0.0718429
location -9000 9000 0 angles 1.13446 1.13446 1.13446 1.13446 data -0.0136913 0.0028366 -0.0589728
location -9000 9000 0 angles 1.22173 1.22173 1.22173 1.22173 data -0.0135481 0.00242752 -0.0465192
location -9000 9000 0 angles 1.309 1.309 1.309 1.309 data -0.0138307 0.00195493 -0.0340126
location -9000 9000 0 angles 1.39626 1.39626 1.39626 1.39626 data -0.0144415 0.00144252 -0.0211552
location -9000 9000 0 angles 1.48353 1.48353 1.48353 1.48353 data -0.0139189 0.000626011 -0.00705872
location -9000 9000 0 angles 1.5708 1.5708 1.5708 1.5708 data -0.0139895 -0.00259739 0.000735931
location 0 9000 0 angles 0 0 0 0 data -0.0106331 0.00023701 -0.155755
location 0 9000 0 angles 0.0872665 0.0872665 0.0872665 0.0872665 data -0.0067645 -0.000181938 -0.155794
location 0 9000 0 angles 0.174533 0.174533 0.174533 0.174533 data -0.00703551 5.27126e-05 -0.153517
location 0 9000 0 angles 0.261799 0.261799 0.261799 0.261799 data -0.00711104 5.23835e-05 -0.150006
location 0 9000 0 angles 0.349066 0.349066 0.349066 0.349066 data -0.00725075 0.000102736 -0.144955
location 0 9000 0 angles 0.436332 0.436332 0.436332 0.436332 data -0.00743389 0.000242276 -0.13854
location 0 9000 0 angles 0.523599 0.523599 0.523599 0.523599 data -0.0073633 0.000121495 -0.131338
location 0 9000 0 angles 0.610865 0.610865 0.610865 0.610865 data -0.0076172 0.000144203 -0.122782
location 0 9000 0 angles 0.698132 0.698132 0.698132 0.698132 data -0.00647011 0.00020591 -0.115079
location 0 9000 0 angles 0.785398 0.785398 0.785398 0.785398 data -0.00215113 -0.000142281 -0.104934
location 0 9000 0 angles 0.872665 0.872665 0.872665 0.872665 data -0.00729633 0.000292464 -0.093031
location 0 9000 0 angles 0.959931 0.959931 0.959931 0.959931 data -0.00694172 0.00121774 -0.0822921
location 0 9000 0 angles 1.0472 1.0472 1.0472 1.0472 data -0.00701988 0.00102669 -0.0699741
location 0 9000 0 angles 1.13446 1.13446 1.13446 1.13446 data -0.0069409 0.00120655 -0.057878
location 0 9000 0 angles 1.22173 1.22173 1.22173 1.22173 data -0.00683674 0.00149237 -0.045862
location 0 9000 0 angles 1.309 1.309 1.309 1.309 data -0.00682604 0.00154651 -0.0340417
location 0 9000 0 angles 1.39626 1.39626 1.39626 1.39626 data -0.00714066 0.00168046 -0.0217433
location 0 9000 0 angles 1.48353 1.48353 1.48353 1.48353 data -0.00657674 0.00143511 -0.00833185
location 0 9000 0 angles 1.5708 1.5708 1.5708 1.5708 data -0.00578295 -0.00166027 -0.000900864
location 9000 9000 0 angles 0 0 0 0 data -0.00939518 -3.5158e-05 -0.156668
location 9000 9000 0 angles 0.0872665 0.0872665 0.0872665 0.0872665 data -0.00579743 0.00159884 -0.155762
location 9000 9000 0 angles 0.174533 0.174533 0.174533 0.174533 data -0.00607568 0.00224652 -0.15366
location 9000 9000 0 angles 0.261799 0.261799 0.261799 0.261799 data -0.0064372 0.00237437 -0.150038
location 9000 9000 0 angles 0.349066 0.349066 0.349066 0.349066 data -0.00669209 0.00267386 -0.144983
location 9000 9000 0 angles 0.436332 0.436332 0.436332 0.436332 data -0.00687606 0.00305348 -0.138679
location 9000 9000 0 angles 0.523599 0.523599 0.523599 0.523599 data -0.00701988 0.00333223 -0.13143
location 9000 9000 0 angles 0.610865 0.610865 0.610865 0.610865 data -0.00738403 0.00327694 -0.122846
location 9000 9000 0 angles 0.698132 0.698132 0.698132 0.698132 data -0.00617573 0.00351866 -0.114849
location 9000 9000 0 angles 0.785398 0.785398 0.785398 0.785398 data -0.00378858 0.00355322 -0.104918
location 9000 9000 0 angles 0.872665 0.872665 0.872665 0.872665 data -0.00744722 0.00408554 -0.0928898
location 9000 9000 0 angles 0.959931 0.959931 0.959931 0.959931 data -0.00767661 0.00437565 -0.0813418
location 9000 9000 0 angles 1.0472 1.0472 1.0472 1.0472 data -0.00769899 0.00468221 -0.0696639
location 9000 9000 0 angles 1.13446 1.13446 1.13446 1.13446 data -0.00789382 0.00471594 -0.0577816
location 9000 9000 0 angles 1.22173 1.22173 1.22173 1.22173 data -0.00772367 0.00507154 -0.0457741
location 9000 9000 0 angles 1.309 1.309 1.309 1.309 data -0.00775477 0.00511432 -0.033878
location 9000 9000 0 angles 1.39626 1.39626 1.39626 1.39626 data -0.00796556 0.00501131 -0.0217747
location 9000 9000 0 angles 1.48353 1.48353 1.48353 1.48353 data -0.00725157 0.00484676 -0.00791965
location 9000 9000 0 angles 1.5708 1.5708 1.5708 1.5708 data -0.00585008 0.00179893 -0.000494257
location 9000 0 0 angles 0 0 0 0 data -0.0117937 0.00294372 -0.150505
location 9000 0 0 angles 0.0872665 0.0872665 0.0872665 0.0872665 data -0.00957685 0.00395242 -0.149853
location 9000 0 0 angles 0.174533 0.174533 0.174533 0.174533 data -0.0100927 0.00417407 -0.1478
location 9000 0 0 angles 0.261799 0.261799 0.261799 0.261799 data -0.0101538 0.00397628 -0.144415
location 9000 0 0 angles 0.349066 0.349066 0.349066 0.349066 data -0.0104537 0.0036842 -0.139486
location 9000 0 0 angles 0.436332 0.436332 0.436332 0.436332 data -0.0105627 0.00369375 -0.133594
location 9000 0 0 angles 0.523599 0.523599 0.523599 0.523599 data -0.0105586 0.00335066 -0.126577
location 9000 0 0 angles 0.610865 0.610865 0.610865 0.610865 data -0.0105299 0.00320486 -0.11825
location 9000 0 0 angles 0.698132 0.698132 0.698132 0.698132 data 0.0830802 0.0199386 -0.0748068
location 9000 0 0 angles 0.785398 0.785398 0.785398 0.785398 data -0.0100713 0.00325736 -0.0998453
location 9000 0 0 angles 0.872665 0.872665 0.872665 0.872665 data -0.00988621 0.00197188 -0.0453237
location 9000 0 0 angles 0.959931 0.959931 0.959931 0.959931 data -0.010148 0.00284367 -0.0788073
location 9000 0 0 angles 1.0472 1.0472 1.0472 1.0472 data -0.00965287 0.0026319 -0.0674008
location 9000 0 0 angles 1.13446 1.13446 1.13446 1.13446 data -0.00963872 0.00246471 -0.0559781
location 9000 0 0 angles 1.22173 1.22173 1.22173 1.22173 data -0.00918423 0.00258236 -0.04467
location 9000 0 0 angles 1.309 1.309 1.309 1.309 data -0.00897788 0.00236351 -0.033084
location 9000 0 0 angles 1.39626 1.39626 1.39626 1.39626 data -0.00915823 0.00253843 -0.0214547
location 9000 0 0 angles 1.48353 1.48353 1.48353 1.48353 data -0.00823477 0.00166877 -0.00831046
location 9000 0 0 angles 1.5708 1.5708 1.5708 1.5708 data -0.0065904 -0.000719693 -0.000388944
location 9000 -9000 0 angles 0 0 0 0 data -0.0104646 0.00593461 -0.152718
location 9000 -9000 0 angles 0.0872665 0.0872665 0.0872665 0.0872665 data -0.00937511 0.00677547 -0.152382
location 9000 -9000 0 angles 0.174533 0.174533 0.174533 0.174533 data -0.00980261 0.00690415 -0.150262
location 9000 -9000 0 angles 0.261799 0.261799 0.261799 0.261799 data -0.0099387 0.0065757 -0.146894
location 9000 -9000 0 angles 0.349066 0.349066 0.349066 0.349066 data -0.0100361 0.00640177 -0.141996
location 9000 -9000 0 angles 0.436332 0.436332 0.436332 0.436332 data -0.00998642 0.00614392 -0.13583
location 9000 -9000 0 angles 0.523599 0.523599 0.523599 0.523599 data -0.00992899 0.00599763 -0.128587
location 9000 -9000 0 angles 0.610865 0.610865 0.610865 0.610865 data -0.00986679 0.0055229 -0.120234
location 9000 -9000 0 angles 0.698132 0.698132 0.698132 0.698132 data -0.0086496 0.00555121 -0.112533
location 9000 -9000 0 angles 0.785398 0.785398 0.785398 0.785398 data -0.00912499 0.00513555 -0.10148
location 9000 -9000 0 angles 0.872665 0.872665 0.872665 0.872665 data -0.0100266 0.0046386 -0.0921466
location 9000 -9000 0 angles 0.959931 0.959931 0.959931 0.959931 data -0.00852635 0.00522753 -0.0811899
location 9000 -9000 0 angles 1.0472 1.0472 1.0472 1.0472 data -0.00852224 0.0044186 -0.0688773
location 9000 -9000 0 angles 1.13446 1.13446 1.13446 1.13446 data -0.00861373 0.00402713 -0.0571886
location 9000 -9000 0 angles 1.22173 1.22173 1.22173 1.22173 data -0.0081961 0.00366396 -0.0454634
location 9000 -9000 0 angles 1.309 1.309 1.309 1.309 data -0.0077184 0.00340743 -0.033758
location 9000 -9000 0 angles 1.39626 1.39626 1.39626 1.39626 data -0.00807038 0.00330705 -0.0218267
location 9000 -9000 0 angles 1.48353 1.48353 1.48353 1.48353 data -0.00720204 0.00237207 -0.00833876
location 9000 -9000 0 angles 1.5708 1.5708 1.5708 1.5708 data -0.00571038 0.00052514 0.000262022
location 0 -9000 0 angles 0 0 0 0 data -0.00756998 0.00714209 -0.151899
location 0 -9000 0 angles 0.0872665 0.0872665 0.0872665 0.0872665 data -0.00640331 0.0065089 -0.15151
location 0 -9000 0 angles 0.174533 0.174533 0.174533 0.174533 data -0.00663565 0.0065446 -0.149435
location 0 -9000 0 angles 0.261799 0.261799 0.261799 0.261799 data -0.00665343 0.00601442 -0.145842
location 0 -9000 0 angles 0.349066 0.349066 0.349066 0.349066 data -0.00671052 0.00563776 -0.140889
location 0 -9000 0 angles 0.436332 0.436332 0.436332 0.436332 data -0.00686158 0.00542006 -0.134784
location 0 -9000 0 angles 0.523599 0.523599 0.523599 0.523599 data -0.0067928 0.00502645 -0.127699
location 0 -9000 0 angles 0.610865 0.610865 0.610865 0.610865 data -0.00683789 0.0046103 -0.119268
location 0 -9000 0 angles 0.698132 0.698132 0.698132 0.698132 data -0.00613821 0.00443406 -0.112311
location 0 -9000 0 angles 0.785398 0.785398 0.785398 0.785398 data -0.00643013 0.00389532 -0.100698
location 0 -9000 0 angles 0.872665 0.872665 0.872665 0.872665 data -0.00634144 0.00346321 -0.0899656
location 0 -9000 0 angles 0.959931 0.959931 0.959931 0.959931 data -0.00705378 0.00321622 -0.0794129
location 0 -9000 0 angles 1.0472 1.0472 1.0472 1.0472 data -0.00636908 0.00271878 -0.0677975
location 0 -9000 0 angles 1.13446 1.13446 1.13446 1.13446 data -0.00631001 0.00248577 -0.0562342
location 0 -9000 0 angles 1.22173 1.22173 1.22173 1.22173 data -0.0061861 0.00213413 -0.0446571
location 0 -9000 0 angles 1.309 1.309 1.309 1.309 data -0.00617261 0.00179153 -0.0331645
location 0 -9000 0 angles 1.39626 1.39626 1.39626 1.39626 data -0.00654038 0.00179153 -0.0211011
location 0 -9000 0 angles 1.48353 1.48353 1.48353 1.48353 data -0.0059549 0.000577468 -0.00778603
location 0 -9000 0 angles 1.5708 1.5708 1.5708 1.5708 data -0.00519632 -0.00106081 0.000441219
location -9000 -9000 0 angles 0 0 0 0 data -0.00279025 0.00133934 -0.159985
location -9000 -9000 0 angles 0.0872665 0.0872665 0.0872665 0.0872665 data -0.000956812 -6.85511e-06 -0.159825
location -9000 -9000 0 angles 0.174533 0.174533 0.174533 0.174533 data -0.000731541 3.37891e-05 -0.157709
location -9000 -9000 0 angles 0.261799 0.261799 0.261799 0.261799 data -6.379e-05 -9.4232e-05 -0.154118
location -9000 -9000 0 angles 0.349066 0.349066 0.349066 0.349066 data 0.000161646 -0.000176179 -0.148877
location -9000 -9000 0 angles 0.436332 0.436332 0.436332 0.436332 data 0.000490914 4.74469e-05 -0.142641
location -9000 -9000 0 angles 0.523599 0.523599 0.523599 0.523599 data 0.000874648 4.15231e-05 -0.134991
location -9000 -9000 0 angles 0.610865 0.610865 0.610865 0.610865 data 0.000939646 0.00262334 -0.0557979
location -9000 -9000 0 angles 0.698132 0.698132 0.698132 0.698132 data 0.00150307 0.000478572 -0.117293
location -9000 -9000 0 angles 0.785398 0.785398 0.785398 0.785398 data 0.000827257 0.000408967 -0.107112
location -9000 -9000 0 angles 0.872665 0.872665 0.872665 0.872665 data 0.00211306 0.00133704 -0.0975758
location -9000 -9000 0 angles 0.959931 0.959931 0.959931 0.959931 data 0.0014356 0.00131433 -0.0846486
location -9000 -9000 0 angles 1.0472 1.0472 1.0472 1.0472 data 0.0015503 0.00129228 -0.0725639
location -9000 -9000 0 angles 1.13446 1.13446 1.13446 1.13446 data 0.00129376 0.00135695 -0.0603293
location -9000 -9000 0 angles 1.22173 1.22173 1.22173 1.22173 data 0.00119849 0.00175664 -0.0482759
location -9000 -9000 0 angles 1.309 1.309 1.309 1.309 data 0.00106405 0.00192646 -0.0359675
location -9000 -9000 0 angles 1.39626 1.39626 1.39626 1.39626 data -9.78522e-05 0.00244299 -0.0231359
location -9000 -9000 0 angles 1.48353 1.48353 1.48353 1.48353 data 7.62544e-06 0.00166861 -0.00933644
location -9000 -9000 0 angles 1.5708 1.5708 1.5708 1.5708 data -0.000119408 0.000649048 -0.00080888
location -9000 -9000 9000 angles 0 0 0 0 data 0.0156185 0.00875552 -0.146412
location -9000 -9000 9000 angles 0.0872665 0.0872665 0.0872665 0.0872665 data 0.0181572 0.00680246 -0.146222
location -9000 -9000 9000 angles 0.174533 0.174533 0.174533 0.174533 data 0.0183383 0.00678139 -0.144199
location -9000 -9000 9000 angles 0.261799 0.261799 0.261799 0.261799 data 0.0189054 0.00643271 -0.141095
location -9000 -9000 9000 angles 0.349066 0.349066 0.349066 0.349066 data 0.0188733 0.00619016 -0.136313
location -9000 -9000 9000 angles 0.436332 0.436332 0.436332 0.436332 data 0.0189233 0.0058548 -0.130475
location -9000 -9000 9000 angles 0.523599 0.523599 0.523599 0.523599 data 0.0186326 0.00568959 -0.123882
location -9000 -9000 9000 angles 0.610865 0.610865 0.610865 0.610865 data 0.017953 0.0212366 -0.0102737
location -9000 -9000 9000 angles 0.698132 0.698132 0.698132 0.698132 data 0.01795 0.00536888 -0.107548
location -9000 -9000 9000 angles 0.785398 0.785398 0.785398 0.785398 data 0.016657 0.00503748 -0.0979472
location -9000 -9000 9000 angles 0.872665 0.872665 0.872665 0.872665 data 0.0159955 0.00550217 -0.0898371
location -9000 -9000 9000 angles 0.959931 0.959931 0.959931 0.959931 data 0.0143588 0.0050536 -0.0779648
location -9000 -9000 9000 angles 1.0472 1.0472 1.0472 1.0472 data 0.0132863 0.00452769 -0.067063
location -9000 -9000 9000 angles 1.13446 1.13446 1.13446 1.13446 data 0.0114359 0.00431444 -0.055627
location -9000 -9000 9000 angles 1.22173 1.22173 1.22173 1.22173 data 0.0102455 0.00394255 -0.0445498
location -9000 -9000 9000 angles 1.309 1.309 1.309 1.309 data 0.00849783 0.00369934 -0.0332948
location -9000 -9000 9000 angles 1.39626 1.39626 1.39626 1.39626 data 0.00543125 0.00385534 -0.0217227
location -9000 -9000 9000 angles 1.48353 1.48353 1.48353 1.48353 data 0.0044158 0.00234541 -0.00909488
location -9000 -9000 9000 angles 1.5708 1.5708 1.5708 1.5708 data 0.00303192 0.000256592 -0.00114259
location -9000 0 9000 angles 0 0 0 0 data 0.020819 0.00672018 -0.144315
location -9000 0 9000 angles 0.0872665 0.0872665 0.0872665 0.0872665 data 0.023239 0.00543092 -0.144512
location -9000 0 9000 angles 0.174533 0.174533 0.174533 0.174533 data 0.0221344 0.00634303 -0.142239
location -9000 0 9000 angles 0.261799 0.261799 0.261799 0.261799 data 0.0214248 0.00664893 -0.138985
location -9000 0 9000 angles 0.349066 0.349066 0.349066 0.349066 data 0.0200772 0.00717648 -0.134139
location -9000 0 9000 angles 0.436332 0.436332 0.436332 0.436332 data 0.0186288 0.00779421 -0.128068
location -9000 0 9000 angles 0.523599 0.523599 0.523599 0.523599 data 0.0167842 0.00827898 -0.121262
location -9000 0 9000 angles 0.610865 0.610865 0.610865 0.610865 data 0.0145698 0.0181712 -0.00432716
location -9000 0 9000 angles 0.698132 0.698132 0.698132 0.698132 data 0.0132252 0.00907409 -0.104664
location -9000 0 9000 angles 0.785398 0.785398 0.785398 0.785398 data 0.010677 0.00918944 -0.0950838
location -9000 0 9000 angles 0.872665 0.872665 0.872665 0.872665 data 0.00913876 0.0101127 -0.0865271
location -9000 0 9000 angles 0.959931 0.959931 0.959931 0.959931 data 0.0062336 0.0100211 -0.0746944
location -9000 0 9000 angles 1.0472 1.0472 1.0472 1.0472 data 0.00416733 0.00979269 -0.0638583
location -9000 0 9000 angles 1.13446 1.13446 1.13446 1.13446 data 0.00154832 0.00974842 -0.0525572
location -9000 0 9000 angles 1.22173 1.22173 1.22173 1.22173 data -0.000588052 0.00991627 -0.0414986
location -9000 0 9000 angles 1.309 1.309 1.309 1.309 data -0.00296747 0.00968063 -0.0304501
location -9000 0 9000 angles 1.39626 1.39626 1.39626 1.39626 data -0.00644625 0.00971387 -0.0189326
location -9000 0 9000 angles 1.48353 1.48353 1.48353 1.48353 data -0.00817092 0.00846986 -0.0066577
location -9000 0 9000 angles 1.5708 1.5708 1.5708 1.5708 data -0.0100386 0.00587537 0.000765221
location -9000 9000 9000 angles 0 0 0 0 data 0.00612895 0.00292019 -0.148919
location -9000 9000 9000 angles 0.0872665 0.0872665 0.0872665 0.0872665 data 0.00917809 6.88386e-05 -0.149663
location -9000 9000 9000 angles 0.174533 0.174533 0.174533 0.174533 data 0.00722897 0.000245403 -0.147246
location -9000 9000 9000 angles 0.261799 0.261799 0.261799 0.261799 data 0.00594909 5.8801e-05 -0.143753
location -9000 9000 9000 angles 0.349066 0.349066 0.349066 0.349066 data 0.00392609 0.000121002 -0.138395
location -9000 9000 9000 angles 0.436332 0.436332 0.436332 0.436332 data 0.00199689 5.22189e-05 -0.132235
location -9000 9000 9000 angles 0.523599 0.523599 0.523599 0.523599 data 5.36999e-05 0.000117052 -0.124863
location -9000 9000 9000 angles 0.610865 0.610865 0.610865 0.610865 data -0.119901 -0.0936005 -0.0360101
location -9000 9000 9000 angles 0.698132 0.698132 0.698132 0.698132 data 0.0124569 -0.00532434 -0.0838665
location -9000 9000 9000 angles 0.785398 0.785398 0.785398 0.785398 data -0.00579249 -0.000430905 -0.0974568
location -9000 9000 9000 angles 0.872665 0.872665 0.872665 0.872665 data -0.00717028 -0.000570774 -0.0888539
location -9000 9000 9000 angles 0.959931 0.959931 0.959931 0.959931 data -0.00908287 -0.000486523 -0.0765527
location -9000 9000 9000 angles 1.0472 1.0472 1.0472 1.0472 data -0.0103667 -0.00057028 -0.0650972
location -9000 9000 9000 angles 1.13446 1.13446 1.13446 1.13446 data -0.0119831 -0.00044193 -0.0533818
location -9000 9000 9000 angles 1.22173 1.22173 1.22173 1.22173 data -0.013234 -0.000221924 -0.0419509
location -9000 9000 9000 angles 1.309 1.309 1.309 1.309 data -0.0145062 -0.000221595 -0.0304553
location -9000 9000 9000 angles 1.39626 1.39626 1.39626 1.39626 data -0.0170399 -0.000135041 -0.0183104
location -9000 9000 9000 angles 1.48353 1.48353 1.48353 1.48353 data -0.01779 -0.000966849 -0.00579693
location -9000 9000 9000 angles 1.5708 1.5708 1.5708 1.5708 data -0.0192816 -0.00446736 0.000907065
location 0 9000 9000 angles 0 0 0 0 data -0.00597926 -0.0126242 -0.140174
location 0 9000 9000 angles 0.0872665 0.0872665 0.0872665 0.0872665 data -0.000831917 -0.0129516 -0.140239
location 0 9000 9000 angles 0.174533 0.174533 0.174533 0.174533 data -0.00124626 -0.0124527 -0.138237
location 0 9000 9000 angles 0.261799 0.261799 0.261799 0.261799 data -0.00136704 -0.0122316 -0.134889
location 0 9000 9000 angles 0.349066 0.349066 0.349066 0.349066 data -0.00197078 -0.0119586 -0.130417
location 0 9000 9000 angles 0.436332 0.436332 0.436332 0.436332 data -0.00222156 -0.011133 -0.124715
location 0 9000 9000 angles 0.523599 0.523599 0.523599 0.523599 data -0.002589 -0.0105429 -0.117904
location 0 9000 9000 angles 0.610865 0.610865 0.610865 0.610865 data -0.0030611 -0.00937313 -0.0703742
location 0 9000 9000 angles 0.698132 0.698132 0.698132 0.698132 data -0.00264709 -0.00898512 -0.102003
location 0 9000 9000 angles 0.785398 0.785398 0.785398 0.785398 data -0.00347363 -0.00810658 -0.0928632
location 0 9000 9000 angles 0.872665 0.872665 0.872665 0.872665 data -0.00319685 -0.00705855 -0.0845647
location 0 9000 9000 angles 0.959931 0.959931 0.959931 0.959931 data -0.00386395 -0.00579282 -0.0732605
location 0 9000 9000 angles 1.0472 1.0472 1.0472 1.0472 data -0.00391117 -0.0046245 -0.062484
location 0 9000 9000 angles 1.13446 1.13446 1.13446 1.13446 data -0.00442227 -0.00336453 -0.0516249
location 0 9000 9000 angles 1.22173 1.22173 1.22173 1.22173 data -0.00471599 -0.00204335 -0.0408922
location 0 9000 9000 angles 1.309 1.309 1.309 1.309 data -0.0048297 -0.00102362 -0.0300283
location 0 9000 9000 angles 1.39626 1.39626 1.39626 1.39626 data -0.0061703 0.000248035 -0.0191429
location 0 9000 9000 angles 1.48353 1.48353 1.48353 1.48353 data -0.00585321 0.000412587 -0.00718822
location 0 9000 9000 angles 1.5708 1.5708 1.5708 1.5708 data -0.00538473 -0.00250475 -0.00119936
location 9000 9000 9000 angles 0 0 0 0 data -0.012326 -0.0131391 -0.14158
location 9000 9000 9000 angles 0.0872665 0.0872665 0.0872665 0.0872665 data -0.0075369 -0.010459 -0.140478
location 9000 9000 9000 angles 0.174533 0.174533 0.174533 0.174533 data -0.00794927 -0.00955052 -0.138474
location 9000 9000 9000 angles 0.261799 0.261799 0.261799 0.261799 data -0.00813258 -0.00884591 -0.135147
location 9000 9000 9000 angles 0.349066 0.349066 0.349066 0.349066 data -0.00839142 -0.00818178 -0.130644
location 9000 9000 9000 angles 0.436332 0.436332 0.436332 0.436332 data -0.00866277 -0.00712865 -0.124829
location 9000 9000 9000 angles 0.523599 0.523599 0.523599 0.523599 data -0.00882929 -0.00593516 -0.117922
location 9000 9000 9000 angles 0.610865 0.610865 0.610865 0.610865 data -0.0102527 -0.0109616 -0.071705
location 9000 9000 9000 angles 0.698132 0.698132 0.698132 0.698132 data 0.0307794 -0.0173784 -0.0378572
location 9000 9000 9000 angles 0.785398 0.785398 0.785398 0.785398 data -0.00901507 -0.00249191 -0.0926348
location 9000 9000 9000 angles 0.872665 0.872665 0.872665 0.872665 data -0.00853063 -0.00170009 -0.0846359
location 9000 9000 9000 angles 0.959931 0.959931 0.959931 0.959931 data -0.00891881 -9.80167e-05 -0.0731547
location 9000 9000 9000 angles 1.0472 1.0472 1.0472 1.0472 data -0.00870193 0.00124719 -0.0622019
location 9000 9000 9000 angles 1.13446 1.13446 1.13446 1.13446 data -0.00875722 0.00239017 -0.051464
location 9000 9000 9000 angles 1.22173 1.22173 1.22173 1.22173 data -0.00878042 0.00387689 -0.040443
location 9000 9000 9000 angles 1.309 1.309 1.309 1.309 data -0.00834995 0.00467941 -0.029783
location 9000 9000 9000 angles 1.39626 1.39626 1.39626 1.39626 data -0.00882419 0.00600619 -0.018833
location 9000 9000 9000 angles 1.48353 1.48353 1.48353 1.48353 data -0.00778241 0.00599961 -0.0066967
location 9000 9000 9000 angles 1.5708 1.5708 1.5708 1.5708 data -0.00564851 0.00320256 -0.000316048
location 9000 0 9000 angles 0 0 0 0 data -0.0169741 0.00138032 -0.132603
location 9000 0 9000 angles 0.0872665 0.0872665 0.0872665 0.0872665 data -0.0143614 0.00286918 -0.132097
location 9000 0 9000 angles 0.174533 0.174533 0.174533 0.174533 data -0.0149893 0.00296034 -0.130273
location 9000 0 9000 angles 0.261799 0.261799 0.261799 0.261799 data -0.0150521 0.00282985 -0.127174
location 9000 0 9000 angles 0.349066 0.349066 0.349066 0.349066 data -0.0153638 0.00265757 -0.122916
location 9000 0 9000 angles 0.436332 0.436332 0.436332 0.436332 data -0.015476 0.00256295 -0.117592
location 9000 0 9000 angles 0.523599 0.523599 0.523599 0.523599 data -0.0153158 0.00247458 -0.1114
location 9000 0 9000 angles 0.610865 0.610865 0.610865 0.610865 data -0.0362533 -0.0115673 -0.0637461
location 9000 0 9000 angles 0.698132 0.698132 0.698132 0.698132 data -0.0144514 -0.00393569 -0.0343748
location 9000 0 9000 angles 0.785398 0.785398 0.785398 0.785398 data -0.0146441 0.00219221 -0.0878221
location 9000 0 9000 angles 0.872665 0.872665 0.872665 0.872665 data -0.0133548 0.00239247 -0.0802511
location 9000 0 9000 angles 0.959931 0.959931 0.959931 0.959931 data -0.0135026 0.00221607 -0.0695721
location 9000 0 9000 angles 1.0472 1.0472 1.0472 1.0472 data -0.0128936 0.00214235 -0.0594607
location 9000 0 9000 angles 1.13446 1.13446 1.13446 1.13446 data -0.0124032 0.00202552 -0.0493299
location 9000 0 9000 angles 1.22173 1.22173 1.22173 1.22173 data -0.0117789 0.00216045 -0.0391955
location 9000 0 9000 angles 1.309 1.309 1.309 1.309 data -0.0106657 0.00205333 -0.0290104
location 9000 0 9000 angles 1.39626 1.39626 1.39626 1.39626 data -0.0108839 0.00235841 -0.0189625
location 9000 0 9000 angles 1.48353 1.48353 1.48353 1.48353 data -0.00936293 0.00122267 -0.0072937
location 9000 0 9000 angles 1.5708 1.5708 1.5708 1.5708 data -0.00700162 -0.000797197 -0.00057752
location 9000 -9000 9000 angles 0 0 0 0 data -0.0158063 0.0148573 -0.136055
location 9000 -9000 9000 angles 0.0872665 0.0872665 0.0872665 0.0872665 data -0.0147974 0.015957 -0.135738
location 9000 -9000 9000 angles 0.174533 0.174533 0.174533 0.174533 data -0.0152853 0.0161891 -0.133842
location 9000 -9000 9000 angles 0.261799 0.261799 0.261799 0.261799 data -0.0153582 0.0155449 -0.130752
location 9000 -9000 9000 angles 0.349066 0.349066 0.349066 0.349066 data -0.0153209 0.0150674 -0.126475
location 9000 -9000 9000 angles 0.436332 0.436332 0.436332 0.436332 data -0.0153271 0.0144536 -0.120982
location 9000 -9000 9000 angles 0.523599 0.523599 0.523599 0.523599 data -0.0149745 0.0140078 -0.114598
location 9000 -9000 9000 angles 0.610865 0.610865 0.610865 0.610865 data -0.0207307 0.0252367 -0.0642816
location 9000 -9000 9000 angles 0.698132 0.698132 0.698132 0.698132 data 0.061362 0.0693818 -0.0375172
location 9000 -9000 9000 angles 0.785398 0.785398 0.785398 0.785398 data -0.0138192 0.0114476 -0.0903416
location 9000 -9000 9000 angles 0.872665 0.872665 0.872665 0.872665 data -0.0121679 0.0114412 -0.0824986
location 9000 -9000 9000 angles 0.959931 0.959931 0.959931 0.959931 data -0.0122355 0.010197 -0.0715626
location 9000 -9000 9000 angles 1.0472 1.0472 1.0472 1.0472 data -0.0116273 0.00906521 -0.061189
location 9000 -9000 9000 angles 1.13446 1.13446 1.13446 1.13446 data -0.0110537 0.00786678 -0.0507806
location 9000 -9000 9000 angles 1.22173 1.22173 1.22173 1.22173 data -0.0104273 0.00698577 -0.0404961
location 9000 -9000 9000 angles 1.309 1.309 1.309 1.309 data -0.00928115 0.00609291 -0.029935
location 9000 -9000 9000 angles 1.39626 1.39626 1.39626 1.39626 data -0.00943303 0.00531228 -0.0194787
location 9000 -9000 9000 angles 1.48353 1.48353 1.48353 1.48353 data -0.00787242 0.00317919 -0.00746631
location 9000 -9000 9000 angles 1.5708 1.5708 1.5708 1.5708 data -0.00572157 0.00162879 -0.000334642
location 0 -9000 9000 angles 0 0 0 0 data -0.00283714 0.0175793 -0.13501
location 0 -9000 9000 angles 0.0872665 0.0872665 0.0872665 0.0872665 data -0.00151777 0.0168806 -0.134627
location 0 -9000 9000 angles 0.174533 0.174533 0.174533 0.174533 data -0.00208004 0.0164347 -0.132674
location 0 -9000 9000 angles 0.261799 0.261799 0.261799 0.261799 data -0.00210867 0.0156825 -0.129556
location 0 -9000 9000 angles 0.349066 0.349066 0.349066 0.349066 data -0.00234201 0.0149617 -0.125066
location 0 -9000 9000 angles 0.436332 0.436332 0.436332 0.436332 data -0.00269925 0.014103 -0.119624
location 0 -9000 9000 angles 0.523599 0.523599 0.523599 0.523599 data -0.00293884 0.0132266 -0.113087
location 0 -9000 9000 angles 0.610865 0.610865 0.610865 0.610865 data -0.131021 0.014668 -0.0721071
location 0 -9000 9000 angles 0.698132 0.698132 0.698132 0.698132 data -0.0035197 0.0112016 -0.0991329
location 0 -9000 9000 angles 0.785398 0.785398 0.785398 0.785398 data -0.00344467 0.00977475 -0.0891223
location 0 -9000 9000 angles 0.872665 0.872665 0.872665 0.872665 data -0.00253256 0.0155245 -0.0455618
location 0 -9000 9000 angles 0.959931 0.959931 0.959931 0.959931 data -0.00414566 0.00782613 -0.0700007
location 0 -9000 9000 angles 1.0472 1.0472 1.0472 1.0472 data -0.00423336 0.00683257 -0.0602982
location 0 -9000 9000 angles 1.13446 1.13446 1.13446 1.13446 data -0.00445485 0.00528151 -0.0495716
location 0 -9000 9000 angles 1.22173 1.22173 1.22173 1.22173 data -0.00474709 0.00414314 -0.0393034
location 0 -9000 9000 angles 1.309 1.309 1.309 1.309 data -0.00491675 0.00318676 -0.0291188
location 0 -9000 9000 angles 1.39626 1.39626 1.39626 1.39626 data -0.00607305 0.00225227 -0.0184279
location 0 -9000 9000 angles 1.48353 1.48353 1.48353 1.48353 data -0.0057293 0.000139102 -0.00680695
location 0 -9000 9000 angles 1.5708 1.5708 1.5708 1.5708 data -0.00509841 -0.00264955 0.000416043
location 0 0 9000 angles 0 0 0 0 data -0.000793906 0.00313855 -0.131205
location 0 0 9000 angles 0.0872665 0.0872665 0.0872665 0.0872665 data 0.00179054 0.00280188 -0.131001
location 0 0 9000 angles 0.174533 0.174533 0.174533 0.174533 data 0.00138196 0.00320651 -0.12911
location 0 0 9000 angles 0.261799 0.261799 0.261799 0.261799 data 0.00105993 0.00302616 -0.126143
location 0 0 9000 angles 0.349066 0.349066 0.349066 0.349066 data 0.000362563 0.0030125 -0.121836
location 0 0 9000 angles 0.436332 0.436332 0.436332 0.436332 data -0.000180951 0.0031137 -0.116259
location 0 0 9000 angles 0.523599 0.523599 0.523599 0.523599 data -0.000540332 0.00314365 -0.110173
location 0 0 9000 angles 0.610865 0.610865 0.610865 0.610865 data 0.000245073 0.00334078 -0.104131
location 0 0 9000 angles 0.698132 0.698132 0.698132 0.698132 data -0.00239483 0.00342619 -0.0961896
location 0 0 9000 angles 0.785398 0.785398 0.785398 0.785398 data -0.00240733 0.00314628 -0.0864838
location 0 0 9000 angles 0.872665 0.872665 0.872665 0.872665 data -0.00326284 0.00295672 -0.0787381
location 0 0 9000 angles 0.959931 0.959931 0.959931 0.959931 data -0.00375995 0.00321671 -0.0682405
location 0 0 9000 angles 1.0472 1.0472 1.0472 1.0472 data -0.00433177 0.00332943 -0.0586206
location 0 0 9000 angles 1.13446 1.13446 1.13446 1.13446 data -0.00486919 0.003207 -0.0481537
location 0 0 9000 angles 1.22173 1.22173 1.22173 1.22173 data -0.00532681 0.00326196 -0.0381958
location 0 0 9000 angles 1.309 1.309 1.309 1.309 data -0.00572272 0.00324156 -0.0280573
location 0 0 9000 angles 1.39626 1.39626 1.39626 1.39626 data -0.00728399 0.00335066 -0.0176934
location 0 0 9000 angles 1.48353 1.48353 1.48353 1.48353 data -0.00710495 0.00252461 -0.00651734
location 0 0 9000 angles 1.5708 1.5708 1.5708 1.5708 data -0.0068341 -0.000320655 -3.05505e-05
